0.23974609375000000000000000000000
0.23925781250000000000000000000000
0.38769531250000000000000000000000
0.17187500000000000000000000000000
0.23535156250000000000000000000000
0.14001464843750000000000000000000
0.23657226562500000000000000000000
0.18310546875000000000000000000000
0.02532958984375000000000000000000
0.14941406250000000000000000000000
0.05270385742187500000000000000000
0.00000000000000000000000000000000
0.45141601562500000000000000000000
0.41845703125000000000000000000000
0.02795410156250000000000000000000
0.44531250000000000000000000000000
0.37500000000000000000000000000000
0.25805664062500000000000000000000
0.01364135742187500000000000000000
0.28759765625000000000000000000000
0.01574707031250000000000000000000
0.00000000000000000000000000000000
0.00000000000000000000000000000000
0.00000000000000000000000000000000
0.12280273437500000000000000000000
0.27514648437500000000000000000000
0.34179687500000000000000000000000
0.00000000000000000000000000000000
0.21557617187500000000000000000000
0.20751953125000000000000000000000
0.00531005859375000000000000000000
0.00000000000000000000000000000000
0.53271484375000000000000000000000
0.07086181640625000000000000000000
0.18872070312500000000000000000000
0.13391113281250000000000000000000
0.04077148437500000000000000000000
0.00000000000000000000000000000000
0.42822265625000000000000000000000
0.21044921875000000000000000000000
0.33935546875000000000000000000000
0.43432617187500000000000000000000
0.22802734375000000000000000000000
0.30859375000000000000000000000000
0.29516601562500000000000000000000
0.13183593750000000000000000000000
0.29882812500000000000000000000000
0.22766113281250000000000000000000
0.40747070312500000000000000000000
0.35351562500000000000000000000000
0.07177734375000000000000000000000
0.03411865234375000000000000000000
0.11309814453125000000000000000000
0.13806152343750000000000000000000
0.08801269531250000000000000000000
0.23706054687500000000000000000000
0.04266357421875000000000000000000
0.22314453125000000000000000000000
0.14074707031250000000000000000000
0.44335937500000000000000000000000
0.26586914062500000000000000000000
0.07495117187500000000000000000000
0.31494140625000000000000000000000
0.33959960937500000000000000000000
0.28466796875000000000000000000000
0.57958984375000000000000000000000
0.31835937500000000000000000000000
0.23034667968750000000000000000000
0.00296974182128906250000000000000
0.25561523437500000000000000000000
0.28710937500000000000000000000000
0.04904174804687500000000000000000
0.05603027343750000000000000000000
0.10894775390625000000000000000000
0.01241302490234375000000000000000
0.24414062500000000000000000000000
0.29296875000000000000000000000000
0.08776855468750000000000000000000
0.00000000000000000000000000000000
0.21862792968750000000000000000000
0.04229736328125000000000000000000
0.00286293029785156250000000000000
0.27099609375000000000000000000000
0.02473449707031250000000000000000
0.28491210937500000000000000000000
0.35546875000000000000000000000000
0.43066406250000000000000000000000
0.52099609375000000000000000000000
0.14257812500000000000000000000000
0.34228515625000000000000000000000
0.28491210937500000000000000000000
0.49121093750000000000000000000000
0.25463867187500000000000000000000
0.34033203125000000000000000000000
0.41503906250000000000000000000000
0.28417968750000000000000000000000
0.00099754333496093750000000000000
0.13549804687500000000000000000000
0.00403213500976562500000000000000
0.32788085937500000000000000000000
0.00000000000000000000000000000000
0.40380859375000000000000000000000
0.37231445312500000000000000000000
0.34716796875000000000000000000000
0.19873046875000000000000000000000
0.24194335937500000000000000000000
0.31884765625000000000000000000000
0.00000000000000000000000000000000
0.31909179687500000000000000000000
0.16833496093750000000000000000000
0.45312500000000000000000000000000
0.39746093750000000000000000000000
0.00000000000000000000000000000000
0.18920898437500000000000000000000
0.25439453125000000000000000000000
0.03009033203125000000000000000000
0.00000000000000000000000000000000
0.00000000000000000000000000000000
0.16308593750000000000000000000000
0.29565429687500000000000000000000
0.00000000000000000000000000000000
0.00037741661071777343750000000000
0.00000000000000000000000000000000
0.27880859375000000000000000000000
0.00000000000000000000000000000000
0.22412109375000000000000000000000
0.27734375000000000000000000000000
0.33544921875000000000000000000000
0.46679687500000000000000000000000
0.27587890625000000000000000000000
0.25024414062500000000000000000000
0.30029296875000000000000000000000
0.16235351562500000000000000000000
0.12841796875000000000000000000000
0.34423828125000000000000000000000
0.10949707031250000000000000000000
0.26733398437500000000000000000000
0.47094726562500000000000000000000
0.00000000000000000000000000000000
0.32568359375000000000000000000000
0.23608398437500000000000000000000
0.00418853759765625000000000000000
0.11553955078125000000000000000000
0.02983093261718750000000000000000
0.00000000000000000000000000000000
0.34570312500000000000000000000000
0.29199218750000000000000000000000
0.32690429687500000000000000000000
0.12707519531250000000000000000000
0.16052246093750000000000000000000
0.37036132812500000000000000000000
0.26953125000000000000000000000000
0.20898437500000000000000000000000
0.21899414062500000000000000000000
0.38134765625000000000000000000000
0.16235351562500000000000000000000
0.25537109375000000000000000000000
0.00132942199707031250000000000000
0.00193500518798828125000000000000
0.21704101562500000000000000000000
0.23876953125000000000000000000000
0.23461914062500000000000000000000
0.05389404296875000000000000000000
0.00000000000000000000000000000000
0.11523437500000000000000000000000
0.03295898437500000000000000000000
0.10894775390625000000000000000000
0.41601562500000000000000000000000
0.32373046875000000000000000000000
0.04388427734375000000000000000000
0.28930664062500000000000000000000
0.24157714843750000000000000000000
0.21679687500000000000000000000000
0.00000000000000000000000000000000
0.35620117187500000000000000000000
0.38989257812500000000000000000000
0.32617187500000000000000000000000
0.04809570312500000000000000000000
0.00962829589843750000000000000000
0.25683593750000000000000000000000
0.29687500000000000000000000000000
0.09442138671875000000000000000000
0.00000000000000000000000000000000
0.17822265625000000000000000000000
0.00000000000000000000000000000000
0.36962890625000000000000000000000
0.32592773437500000000000000000000
0.25097656250000000000000000000000
0.44726562500000000000000000000000
0.35791015625000000000000000000000
0.09057617187500000000000000000000
0.38916015625000000000000000000000
0.16552734375000000000000000000000
0.39013671875000000000000000000000
0.00000000000000000000000000000000
0.24536132812500000000000000000000
0.24328613281250000000000000000000
0.26416015625000000000000000000000
0.34936523437500000000000000000000
0.36987304687500000000000000000000
0.00000000000000000000000000000000
0.29394531250000000000000000000000
0.00771331787109375000000000000000
0.25878906250000000000000000000000
0.40087890625000000000000000000000
0.02246093750000000000000000000000
0.23620605468750000000000000000000
0.00646591186523437500000000000000
0.22814941406250000000000000000000
0.21997070312500000000000000000000
0.30541992187500000000000000000000
0.30908203125000000000000000000000
0.18188476562500000000000000000000
0.22241210937500000000000000000000
0.27001953125000000000000000000000
0.00227737426757812500000000000000
0.27294921875000000000000000000000
0.05487060546875000000000000000000
0.02886962890625000000000000000000
0.00352096557617187500000000000000
0.33422851562500000000000000000000
0.15734863281250000000000000000000
0.00000000000000000000000000000000
0.31298828125000000000000000000000
0.31494140625000000000000000000000
0.24890136718750000000000000000000
0.18835449218750000000000000000000
0.23657226562500000000000000000000
0.21777343750000000000000000000000
0.15991210937500000000000000000000
0.47949218750000000000000000000000
0.31420898437500000000000000000000
0.00000000000000000000000000000000
0.16687011718750000000000000000000
0.26147460937500000000000000000000
0.04556274414062500000000000000000
0.00000000000000000000000000000000
0.19787597656250000000000000000000
0.24462890625000000000000000000000
0.35107421875000000000000000000000
0.05902099609375000000000000000000
0.03750610351562500000000000000000
0.06494140625000000000000000000000
0.40625000000000000000000000000000
0.11572265625000000000000000000000
0.18457031250000000000000000000000
0.26074218750000000000000000000000
0.00000000000000000000000000000000
0.30102539062500000000000000000000
0.30102539062500000000000000000000
0.27099609375000000000000000000000
0.26733398437500000000000000000000
0.07409667968750000000000000000000
0.00338363647460937500000000000000
0.27294921875000000000000000000000
0.00000000000000000000000000000000
0.21264648437500000000000000000000
0.46972656250000000000000000000000
0.06634521484375000000000000000000
0.02111816406250000000000000000000
0.12335205078125000000000000000000
0.43090820312500000000000000000000
0.18774414062500000000000000000000
0.30908203125000000000000000000000
0.19067382812500000000000000000000
0.00000000000000000000000000000000
0.32299804687500000000000000000000
0.23413085937500000000000000000000
0.36962890625000000000000000000000
0.20727539062500000000000000000000
0.36083984375000000000000000000000
0.17834472656250000000000000000000
0.25659179687500000000000000000000
0.43603515625000000000000000000000
0.52490234375000000000000000000000
0.25415039062500000000000000000000
0.03649902343750000000000000000000
0.19702148437500000000000000000000
0.23754882812500000000000000000000
0.07250976562500000000000000000000
0.25000000000000000000000000000000
0.05096435546875000000000000000000
0.06701660156250000000000000000000
0.00000000000000000000000000000000
0.03039550781250000000000000000000
0.08544921875000000000000000000000
0.00000000000000000000000000000000
0.25390625000000000000000000000000
0.16430664062500000000000000000000
0.57421875000000000000000000000000
0.36083984375000000000000000000000
0.13854980468750000000000000000000
0.29150390625000000000000000000000
0.23913574218750000000000000000000
0.01805114746093750000000000000000
0.23144531250000000000000000000000
0.21228027343750000000000000000000
0.31982421875000000000000000000000
0.21166992187500000000000000000000
0.00000000000000000000000000000000
0.41650390625000000000000000000000
0.00000000000000000000000000000000
0.00371170043945312500000000000000
0.00020074844360351562500000000000
0.20214843750000000000000000000000
0.36279296875000000000000000000000
0.00000000000000000000000000000000
0.25415039062500000000000000000000
0.25122070312500000000000000000000
0.44311523437500000000000000000000
0.37768554687500000000000000000000
0.22949218750000000000000000000000
0.23498535156250000000000000000000
0.02789306640625000000000000000000
0.29296875000000000000000000000000
0.26782226562500000000000000000000
0.29492187500000000000000000000000
0.21289062500000000000000000000000
0.09191894531250000000000000000000
0.29174804687500000000000000000000
0.16613769531250000000000000000000
0.05862426757812500000000000000000
0.24316406250000000000000000000000
0.31005859375000000000000000000000
0.29980468750000000000000000000000
0.04901123046875000000000000000000
0.42651367187500000000000000000000
0.32373046875000000000000000000000
0.06063842773437500000000000000000
0.19299316406250000000000000000000
0.23901367187500000000000000000000
0.27929687500000000000000000000000
0.05172729492187500000000000000000
0.30078125000000000000000000000000
0.17358398437500000000000000000000
0.31250000000000000000000000000000
0.00469589233398437500000000000000
0.14770507812500000000000000000000
0.28247070312500000000000000000000
0.00496292114257812500000000000000
0.37890625000000000000000000000000
0.43090820312500000000000000000000
0.00000000000000000000000000000000
0.28417968750000000000000000000000
0.36376953125000000000000000000000
0.02944946289062500000000000000000
0.40917968750000000000000000000000
0.18518066406250000000000000000000
0.39770507812500000000000000000000
0.27001953125000000000000000000000
0.30859375000000000000000000000000
0.20019531250000000000000000000000
0.00808715820312500000000000000000
0.19506835937500000000000000000000
0.08679199218750000000000000000000
0.24877929687500000000000000000000
0.26000976562500000000000000000000
0.31640625000000000000000000000000
0.26660156250000000000000000000000
0.25634765625000000000000000000000
0.21606445312500000000000000000000
0.29638671875000000000000000000000
0.00600814819335937500000000000000
0.31152343750000000000000000000000
0.26220703125000000000000000000000
0.33496093750000000000000000000000
0.33251953125000000000000000000000
0.02960205078125000000000000000000
0.14367675781250000000000000000000
0.32421875000000000000000000000000
0.12322998046875000000000000000000
0.42382812500000000000000000000000
0.02549743652343750000000000000000
0.00000000000000000000000000000000
0.29931640625000000000000000000000
0.30517578125000000000000000000000
0.03088378906250000000000000000000
0.19055175781250000000000000000000
0.12377929687500000000000000000000
0.31127929687500000000000000000000
0.24438476562500000000000000000000
0.00060176849365234375000000000000
0.26953125000000000000000000000000
0.18261718750000000000000000000000
0.13281250000000000000000000000000
0.47509765625000000000000000000000
0.04187011718750000000000000000000
0.25000000000000000000000000000000
0.37573242187500000000000000000000
0.21948242187500000000000000000000
0.00000000000000000000000000000000
0.33813476562500000000000000000000
0.00917053222656250000000000000000
0.42871093750000000000000000000000
0.48535156250000000000000000000000
0.18811035156250000000000000000000
0.31030273437500000000000000000000
0.20825195312500000000000000000000
0.31933593750000000000000000000000
0.41088867187500000000000000000000
0.24963378906250000000000000000000
0.33349609375000000000000000000000
0.18835449218750000000000000000000
0.13696289062500000000000000000000
0.24353027343750000000000000000000
0.13647460937500000000000000000000
0.17236328125000000000000000000000
0.17065429687500000000000000000000
0.08685302734375000000000000000000
0.17480468750000000000000000000000
0.02859497070312500000000000000000
0.30737304687500000000000000000000
0.19580078125000000000000000000000
0.02923583984375000000000000000000
0.26953125000000000000000000000000
0.16137695312500000000000000000000
0.21423339843750000000000000000000
0.14257812500000000000000000000000
0.12817382812500000000000000000000
0.30957031250000000000000000000000
0.07940673828125000000000000000000
0.00154495239257812500000000000000
0.36767578125000000000000000000000
0.14355468750000000000000000000000
0.04226684570312500000000000000000
0.07336425781250000000000000000000
0.43994140625000000000000000000000
0.16613769531250000000000000000000
0.27490234375000000000000000000000
0.34375000000000000000000000000000
0.23559570312500000000000000000000
0.20812988281250000000000000000000
0.30419921875000000000000000000000
0.06201171875000000000000000000000
0.06915283203125000000000000000000
0.28515625000000000000000000000000
0.04003906250000000000000000000000
0.39355468750000000000000000000000
0.26416015625000000000000000000000
0.20153808593750000000000000000000
0.01959228515625000000000000000000
0.15588378906250000000000000000000
0.36035156250000000000000000000000
0.24829101562500000000000000000000
0.22436523437500000000000000000000
0.13696289062500000000000000000000
0.26757812500000000000000000000000
0.26440429687500000000000000000000
0.16369628906250000000000000000000
0.20629882812500000000000000000000
0.24584960937500000000000000000000
0.00000000000000000000000000000000
0.07775878906250000000000000000000
0.33007812500000000000000000000000
0.25024414062500000000000000000000
0.00000000000000000000000000000000
0.10192871093750000000000000000000
0.52832031250000000000000000000000
0.22827148437500000000000000000000
0.31396484375000000000000000000000
0.52099609375000000000000000000000
0.19677734375000000000000000000000
0.02230834960937500000000000000000
0.27099609375000000000000000000000
0.26684570312500000000000000000000
0.28930664062500000000000000000000
0.00029087066650390625000000000000
0.30590820312500000000000000000000
0.31225585937500000000000000000000
0.03588867187500000000000000000000
0.00757217407226562500000000000000
0.00000000000000000000000000000000
0.38232421875000000000000000000000
0.25292968750000000000000000000000
0.31591796875000000000000000000000
0.15161132812500000000000000000000
0.00000000000000000000000000000000
0.02929687500000000000000000000000
0.16564941406250000000000000000000
0.14880371093750000000000000000000
0.43066406250000000000000000000000
0.25830078125000000000000000000000
0.30908203125000000000000000000000
0.02896118164062500000000000000000
0.19116210937500000000000000000000
0.17761230468750000000000000000000
0.31103515625000000000000000000000
0.17968750000000000000000000000000
0.01803588867187500000000000000000
0.07354736328125000000000000000000
0.25537109375000000000000000000000
0.25317382812500000000000000000000
0.20300292968750000000000000000000
0.05804443359375000000000000000000
0.16162109375000000000000000000000
0.03155517578125000000000000000000
0.40185546875000000000000000000000
0.05108642578125000000000000000000
0.32250976562500000000000000000000
0.39916992187500000000000000000000
0.00042438507080078125000000000000
0.15881347656250000000000000000000
0.00020027160644531250000000000000
0.44653320312500000000000000000000
0.01191711425781250000000000000000
0.23815917968750000000000000000000
0.32446289062500000000000000000000
0.41772460937500000000000000000000
0.32275390625000000000000000000000
0.28027343750000000000000000000000
0.38671875000000000000000000000000
0.24035644531250000000000000000000
0.23974609375000000000000000000000
0.23925781250000000000000000000000
0.38769531250000000000000000000000
0.17187500000000000000000000000000
0.23535156250000000000000000000000
0.14001464843750000000000000000000
0.23657226562500000000000000000000
0.18310546875000000000000000000000
0.02532958984375000000000000000000
0.14941406250000000000000000000000
0.05270385742187500000000000000000
0.00000000000000000000000000000000
0.45141601562500000000000000000000
0.41845703125000000000000000000000
0.02795410156250000000000000000000
0.44531250000000000000000000000000
0.37500000000000000000000000000000
0.25805664062500000000000000000000
0.01364135742187500000000000000000
0.28759765625000000000000000000000
0.01574707031250000000000000000000
0.00000000000000000000000000000000
0.00000000000000000000000000000000
0.00000000000000000000000000000000
0.12280273437500000000000000000000
0.27514648437500000000000000000000
0.34179687500000000000000000000000
0.00000000000000000000000000000000
0.21557617187500000000000000000000
0.20751953125000000000000000000000
0.00531005859375000000000000000000
0.00000000000000000000000000000000
0.53271484375000000000000000000000
0.07086181640625000000000000000000
0.18872070312500000000000000000000
0.13391113281250000000000000000000
0.04077148437500000000000000000000
0.00000000000000000000000000000000
0.42822265625000000000000000000000
0.21044921875000000000000000000000
0.33935546875000000000000000000000
0.43432617187500000000000000000000
0.22802734375000000000000000000000
0.30859375000000000000000000000000
0.29516601562500000000000000000000
0.13183593750000000000000000000000
0.29882812500000000000000000000000
0.22766113281250000000000000000000
0.40747070312500000000000000000000
0.35351562500000000000000000000000
0.07177734375000000000000000000000
0.03411865234375000000000000000000
0.11309814453125000000000000000000
0.13806152343750000000000000000000
0.08801269531250000000000000000000
0.23706054687500000000000000000000
0.04266357421875000000000000000000
0.22314453125000000000000000000000
0.14074707031250000000000000000000
0.44335937500000000000000000000000
0.26586914062500000000000000000000
0.07495117187500000000000000000000
0.31494140625000000000000000000000
0.33959960937500000000000000000000
0.28466796875000000000000000000000
0.57958984375000000000000000000000
0.31835937500000000000000000000000
0.23034667968750000000000000000000
0.00296974182128906250000000000000
0.25561523437500000000000000000000
0.28710937500000000000000000000000
0.04904174804687500000000000000000
0.05603027343750000000000000000000
0.10894775390625000000000000000000
0.01241302490234375000000000000000
0.24414062500000000000000000000000
0.29296875000000000000000000000000
0.08776855468750000000000000000000
0.00000000000000000000000000000000
0.21862792968750000000000000000000
0.04229736328125000000000000000000
0.00286293029785156250000000000000
0.27099609375000000000000000000000
0.02473449707031250000000000000000
0.28491210937500000000000000000000
0.35546875000000000000000000000000
0.43066406250000000000000000000000
0.52099609375000000000000000000000
0.14257812500000000000000000000000
0.34228515625000000000000000000000
0.28491210937500000000000000000000
0.49121093750000000000000000000000
0.25463867187500000000000000000000
0.34033203125000000000000000000000
0.41503906250000000000000000000000
0.28417968750000000000000000000000
0.00099754333496093750000000000000
0.13549804687500000000000000000000
0.00403213500976562500000000000000
0.32788085937500000000000000000000
0.00000000000000000000000000000000
0.40380859375000000000000000000000
0.37231445312500000000000000000000
0.34716796875000000000000000000000
0.19873046875000000000000000000000
0.24194335937500000000000000000000
0.31884765625000000000000000000000
0.00000000000000000000000000000000
0.31909179687500000000000000000000
0.16833496093750000000000000000000
0.45312500000000000000000000000000
0.39746093750000000000000000000000
0.00000000000000000000000000000000
0.18920898437500000000000000000000
0.25439453125000000000000000000000
0.03009033203125000000000000000000
0.00000000000000000000000000000000
0.00000000000000000000000000000000
0.16308593750000000000000000000000
0.29565429687500000000000000000000
0.00000000000000000000000000000000
0.00037741661071777343750000000000
0.00000000000000000000000000000000
0.27880859375000000000000000000000
0.00000000000000000000000000000000
0.22412109375000000000000000000000
0.27734375000000000000000000000000
0.33544921875000000000000000000000
0.46679687500000000000000000000000
0.27587890625000000000000000000000
0.25024414062500000000000000000000
0.30029296875000000000000000000000
0.16235351562500000000000000000000
0.12841796875000000000000000000000
0.34423828125000000000000000000000
0.10949707031250000000000000000000
0.26733398437500000000000000000000
0.47094726562500000000000000000000
0.00000000000000000000000000000000
0.32568359375000000000000000000000
0.23608398437500000000000000000000
0.00418853759765625000000000000000
0.11553955078125000000000000000000
0.02983093261718750000000000000000
0.00000000000000000000000000000000
0.34570312500000000000000000000000
0.29199218750000000000000000000000
0.32690429687500000000000000000000
0.12707519531250000000000000000000
0.16052246093750000000000000000000
0.37036132812500000000000000000000
0.26953125000000000000000000000000
0.20898437500000000000000000000000
0.21899414062500000000000000000000
0.38134765625000000000000000000000
0.16235351562500000000000000000000
0.25537109375000000000000000000000
0.00132942199707031250000000000000
0.00193500518798828125000000000000
0.21704101562500000000000000000000
0.23876953125000000000000000000000
0.23461914062500000000000000000000
0.05389404296875000000000000000000
0.00000000000000000000000000000000
0.11523437500000000000000000000000
0.03295898437500000000000000000000
0.10894775390625000000000000000000
0.41601562500000000000000000000000
0.32373046875000000000000000000000
0.04388427734375000000000000000000
0.28930664062500000000000000000000
0.24157714843750000000000000000000
0.21679687500000000000000000000000
0.00000000000000000000000000000000
0.35620117187500000000000000000000
0.38989257812500000000000000000000
0.32617187500000000000000000000000
0.04809570312500000000000000000000
0.00962829589843750000000000000000
0.25683593750000000000000000000000
0.29687500000000000000000000000000
0.09442138671875000000000000000000
0.00000000000000000000000000000000
0.17822265625000000000000000000000
0.00000000000000000000000000000000
0.36962890625000000000000000000000
0.32592773437500000000000000000000
0.25097656250000000000000000000000
0.44726562500000000000000000000000
0.35791015625000000000000000000000
0.09057617187500000000000000000000
0.38916015625000000000000000000000
0.16552734375000000000000000000000
0.39013671875000000000000000000000
0.00000000000000000000000000000000
0.24536132812500000000000000000000
0.24328613281250000000000000000000
0.26416015625000000000000000000000
0.34936523437500000000000000000000
0.36987304687500000000000000000000
0.00000000000000000000000000000000
0.29394531250000000000000000000000
0.00771331787109375000000000000000
0.25878906250000000000000000000000
0.40087890625000000000000000000000
0.02246093750000000000000000000000
0.23620605468750000000000000000000
0.00646591186523437500000000000000
0.22814941406250000000000000000000
0.21997070312500000000000000000000
0.30541992187500000000000000000000
0.30908203125000000000000000000000
0.18188476562500000000000000000000
0.22241210937500000000000000000000
0.27001953125000000000000000000000
0.00227737426757812500000000000000
0.27294921875000000000000000000000
0.05487060546875000000000000000000
0.02886962890625000000000000000000
0.00352096557617187500000000000000
0.33422851562500000000000000000000
0.15734863281250000000000000000000
0.00000000000000000000000000000000
0.31298828125000000000000000000000
0.31494140625000000000000000000000
0.24890136718750000000000000000000
0.18835449218750000000000000000000
0.23657226562500000000000000000000
0.21777343750000000000000000000000
0.15991210937500000000000000000000
0.47949218750000000000000000000000
0.31420898437500000000000000000000
0.00000000000000000000000000000000
0.16687011718750000000000000000000
0.26147460937500000000000000000000
0.04556274414062500000000000000000
0.00000000000000000000000000000000
0.19787597656250000000000000000000
0.24462890625000000000000000000000
0.35107421875000000000000000000000
0.05902099609375000000000000000000
0.03750610351562500000000000000000
0.06494140625000000000000000000000
0.40625000000000000000000000000000
0.11572265625000000000000000000000
0.18457031250000000000000000000000
0.26074218750000000000000000000000
0.00000000000000000000000000000000
0.30102539062500000000000000000000
0.30102539062500000000000000000000
0.27099609375000000000000000000000
0.26733398437500000000000000000000
0.07409667968750000000000000000000
0.00338363647460937500000000000000
0.27294921875000000000000000000000
0.00000000000000000000000000000000
0.21264648437500000000000000000000
0.46972656250000000000000000000000
0.06634521484375000000000000000000
0.02111816406250000000000000000000
0.12335205078125000000000000000000
0.43090820312500000000000000000000
0.18774414062500000000000000000000
0.30908203125000000000000000000000
0.19067382812500000000000000000000
0.00000000000000000000000000000000
0.32299804687500000000000000000000
0.23413085937500000000000000000000
0.36962890625000000000000000000000
0.20727539062500000000000000000000
0.36083984375000000000000000000000
0.17834472656250000000000000000000
0.25659179687500000000000000000000
0.43603515625000000000000000000000
0.52490234375000000000000000000000
0.25415039062500000000000000000000
0.03649902343750000000000000000000
0.19702148437500000000000000000000
0.23754882812500000000000000000000
0.07250976562500000000000000000000
0.25000000000000000000000000000000
0.05096435546875000000000000000000
0.06701660156250000000000000000000
0.00000000000000000000000000000000
0.03039550781250000000000000000000
0.08544921875000000000000000000000
0.00000000000000000000000000000000
0.25390625000000000000000000000000
0.16430664062500000000000000000000
0.57421875000000000000000000000000
0.36083984375000000000000000000000
0.13854980468750000000000000000000
0.29150390625000000000000000000000
0.23913574218750000000000000000000
0.01805114746093750000000000000000
0.23144531250000000000000000000000
0.21228027343750000000000000000000
0.31982421875000000000000000000000
0.21166992187500000000000000000000
0.00000000000000000000000000000000
0.41650390625000000000000000000000
0.00000000000000000000000000000000
0.00371170043945312500000000000000
0.00020074844360351562500000000000
0.20214843750000000000000000000000
0.36279296875000000000000000000000
0.00000000000000000000000000000000
0.25415039062500000000000000000000
0.25122070312500000000000000000000
0.44311523437500000000000000000000
0.37768554687500000000000000000000
0.22949218750000000000000000000000
0.23498535156250000000000000000000
0.02789306640625000000000000000000
0.29296875000000000000000000000000
0.26782226562500000000000000000000
0.29492187500000000000000000000000
0.21289062500000000000000000000000
0.09191894531250000000000000000000
0.29174804687500000000000000000000
0.16613769531250000000000000000000
0.05862426757812500000000000000000
0.24316406250000000000000000000000
0.31005859375000000000000000000000
0.29980468750000000000000000000000
0.04901123046875000000000000000000
0.42651367187500000000000000000000
0.32373046875000000000000000000000
0.06063842773437500000000000000000
0.19299316406250000000000000000000
0.23901367187500000000000000000000
0.27929687500000000000000000000000
0.05172729492187500000000000000000
0.30078125000000000000000000000000
0.17358398437500000000000000000000
0.31250000000000000000000000000000
0.00469589233398437500000000000000
0.14770507812500000000000000000000
0.28247070312500000000000000000000
0.00496292114257812500000000000000
0.37890625000000000000000000000000
0.43090820312500000000000000000000
0.00000000000000000000000000000000
0.28417968750000000000000000000000
0.36376953125000000000000000000000
0.02944946289062500000000000000000
0.40917968750000000000000000000000
0.18518066406250000000000000000000
0.39770507812500000000000000000000
0.27001953125000000000000000000000
0.30859375000000000000000000000000
0.20019531250000000000000000000000
0.00808715820312500000000000000000
0.19506835937500000000000000000000
0.08679199218750000000000000000000
0.24877929687500000000000000000000
0.26000976562500000000000000000000
0.31640625000000000000000000000000
0.26660156250000000000000000000000
0.25634765625000000000000000000000
0.21606445312500000000000000000000
0.29638671875000000000000000000000
0.00600814819335937500000000000000
0.31152343750000000000000000000000
0.26220703125000000000000000000000
0.33496093750000000000000000000000
0.33251953125000000000000000000000
0.02960205078125000000000000000000
0.14367675781250000000000000000000
0.32421875000000000000000000000000
0.12322998046875000000000000000000
0.42382812500000000000000000000000
0.02549743652343750000000000000000
0.00000000000000000000000000000000
0.29931640625000000000000000000000
0.30517578125000000000000000000000
0.03088378906250000000000000000000
0.19055175781250000000000000000000
0.12377929687500000000000000000000
0.31127929687500000000000000000000
0.24438476562500000000000000000000
0.00060176849365234375000000000000
0.26953125000000000000000000000000
0.18261718750000000000000000000000
0.13281250000000000000000000000000
0.47509765625000000000000000000000
0.04187011718750000000000000000000
0.25000000000000000000000000000000
0.37573242187500000000000000000000
0.21948242187500000000000000000000
0.00000000000000000000000000000000
0.33813476562500000000000000000000
0.00917053222656250000000000000000
0.42871093750000000000000000000000
0.48535156250000000000000000000000
0.18811035156250000000000000000000
0.31030273437500000000000000000000
0.20825195312500000000000000000000
0.31933593750000000000000000000000
0.41088867187500000000000000000000
0.24963378906250000000000000000000
0.33349609375000000000000000000000
0.18835449218750000000000000000000
0.13696289062500000000000000000000
0.24353027343750000000000000000000
0.13647460937500000000000000000000
0.17236328125000000000000000000000
0.17065429687500000000000000000000
0.08685302734375000000000000000000
0.17480468750000000000000000000000
0.02859497070312500000000000000000
0.30737304687500000000000000000000
0.19580078125000000000000000000000
0.02923583984375000000000000000000
0.26953125000000000000000000000000
0.16137695312500000000000000000000
0.21423339843750000000000000000000
0.14257812500000000000000000000000
0.12817382812500000000000000000000
0.30957031250000000000000000000000
0.07940673828125000000000000000000
0.00154495239257812500000000000000
0.36767578125000000000000000000000
0.14355468750000000000000000000000
0.04226684570312500000000000000000
0.07336425781250000000000000000000
0.43994140625000000000000000000000
0.16613769531250000000000000000000
0.27490234375000000000000000000000
0.34375000000000000000000000000000
0.23559570312500000000000000000000
0.20812988281250000000000000000000
0.30419921875000000000000000000000
0.06201171875000000000000000000000
0.06915283203125000000000000000000
0.28515625000000000000000000000000
0.04003906250000000000000000000000
0.39355468750000000000000000000000
0.26416015625000000000000000000000
0.20153808593750000000000000000000
0.01959228515625000000000000000000
0.15588378906250000000000000000000
0.36035156250000000000000000000000
0.24829101562500000000000000000000
0.22436523437500000000000000000000
0.13696289062500000000000000000000
0.26757812500000000000000000000000
0.26440429687500000000000000000000
0.16369628906250000000000000000000
0.20629882812500000000000000000000
0.24584960937500000000000000000000
0.00000000000000000000000000000000
0.07775878906250000000000000000000
0.33007812500000000000000000000000
0.25024414062500000000000000000000
0.00000000000000000000000000000000
0.10192871093750000000000000000000
0.52832031250000000000000000000000
0.22827148437500000000000000000000
0.31396484375000000000000000000000
0.52099609375000000000000000000000
0.19677734375000000000000000000000
0.02230834960937500000000000000000
0.27099609375000000000000000000000
0.26684570312500000000000000000000
0.28930664062500000000000000000000
0.00029087066650390625000000000000
0.30590820312500000000000000000000
0.31225585937500000000000000000000
0.03588867187500000000000000000000
0.00757217407226562500000000000000
0.00000000000000000000000000000000
0.38232421875000000000000000000000
0.25292968750000000000000000000000
0.31591796875000000000000000000000
0.15161132812500000000000000000000
0.00000000000000000000000000000000
0.02929687500000000000000000000000
0.16564941406250000000000000000000
0.14880371093750000000000000000000
0.43066406250000000000000000000000
0.25830078125000000000000000000000
0.30908203125000000000000000000000
0.02896118164062500000000000000000
0.19116210937500000000000000000000
0.17761230468750000000000000000000
0.31103515625000000000000000000000
0.17968750000000000000000000000000
0.01803588867187500000000000000000
0.07354736328125000000000000000000
0.25537109375000000000000000000000
0.25317382812500000000000000000000
0.20300292968750000000000000000000
0.05804443359375000000000000000000
0.16162109375000000000000000000000
0.03155517578125000000000000000000
0.40185546875000000000000000000000
0.05108642578125000000000000000000
0.32250976562500000000000000000000
0.39916992187500000000000000000000
0.00042438507080078125000000000000
0.15881347656250000000000000000000
0.00020027160644531250000000000000
0.44653320312500000000000000000000
0.01191711425781250000000000000000
0.23815917968750000000000000000000
0.32446289062500000000000000000000
0.41772460937500000000000000000000
0.32275390625000000000000000000000
0.28027343750000000000000000000000
0.38671875000000000000000000000000
0.24035644531250000000000000000000
