0.00106179760769009590148925781250
-0.00165141315665096044540405273438
0.00146697636228054761886596679688
-0.00365451630204916000366210937500
-0.00665442459285259246826171875000
-0.00392454816028475761413574218750
0.04700986295938491821289062500000
-0.00579856196418404579162597656250
0.04495612531900405883789062500000
0.04310399293899536132812500000000
-0.00703318743035197257995605468750
-0.00437217671424150466918945312500
-0.00189792399760335683822631835938
0.00132939266040921211242675781250
-0.00449703959748148918151855468750
0.00203841761685907840728759765625
0.00530375400558114051818847656250
-0.01080753374844789505004882812500
0.05442033708095550537109375000000
0.02140560187399387359619140625000
-0.00041919559589587152004241943359
-0.00039829534944146871566772460938
-0.00606226176023483276367187500000
0.00356968329288065433502197265625
0.00508485129103064537048339843750
-0.01356648933142423629760742187500
-0.00681350706145167350769042968750
-0.00255584297701716423034667968750
0.04021868854761123657226562500000
0.04629049077630043029785156250000
-0.01873957924544811248779296875000
-0.00481166737154126167297363281250
0.00909263640642166137695312500000
0.06077123805880546569824218750000
-0.00271882722154259681701660156250
0.05719107761979103088378906250000
0.01005222834646701812744140625000
0.00552581204101443290710449218750
-0.00006128389213699847459793090820
0.00064263318199664354324340820312
0.00802809372544288635253906250000
0.02262428030371665954589843750000
-0.00503895990550518035888671875000
0.02787752449512481689453125000000
0.00312920706346631050109863281250
-0.00343723711557686328887939453125
-0.00555540062487125396728515625000
0.04461997747421264648437500000000
0.00591593934223055839538574218750
-0.00104131072293967008590698242188
0.00158148794434964656829833984375
0.03196351602673530578613281250000
-0.01041506323963403701782226562500
0.00042191069223918020725250244141
0.00476808240637183189392089843750
0.00099572073668241500854492187500
0.06267944723367691040039062500000
-0.00073621171759441494941711425781
-0.00394737347960472106933593750000
-0.00147174531593918800354003906250
0.00170038582291454076766967773438
0.00188715290278196334838867187500
-0.00116660550702363252639770507812
0.00544231431558728218078613281250
0.00446742493659257888793945312500
0.00393963279202580451965332031250
-0.00575271109119057655334472656250
0.01147585455328226089477539062500
0.03981213644146919250488281250000
-0.00297959102317690849304199218750
-0.00922218337655067443847656250000
-0.00231476593762636184692382812500
0.00233761989511549472808837890625
0.02443396858870983123779296875000
0.00003253524846513755619525909424
-0.00069515820359811186790466308594
-0.00868954230099916458129882812500
-0.01601920463144779205322265625000
-0.00887201260775327682495117187500
0.00444594118744134902954101562500
0.00505082821473479270935058593750
0.01391628012061119079589843750000
0.01214619539678096771240234375000
-0.00330495717935264110565185546875
0.03671241179108619689941406250000
0.00816827453672885894775390625000
-0.00104489235673099756240844726562
-0.01831556670367717742919921875000
-0.00085326086264103651046752929688
0.00044420437188819050788879394531
0.04800748825073242187500000000000
0.01813795790076255798339843750000
-0.00115026813000440597534179687500
-0.01768226921558380126953125000000
0.05763702467083930969238281250000
0.00411706464365124702453613281250
-0.00274373195134103298187255859375
-0.00805674493312835693359375000000
0.02541279420256614685058593750000
-0.00191768270451575517654418945312
0.00025863127666525542736053466797
-0.00209819944575428962707519531250
-0.00017487532750237733125686645508
0.01942946575582027435302734375000
-0.01243640203028917312622070312500
0.02774953842163085937500000000000
0.00607544323429465293884277343750
0.01992340013384819030761718750000
-0.00835232529789209365844726562500
0.00201949244365096092224121093750
-0.01413778681308031082153320312500
0.00157711561769247055053710937500
-0.00117356097325682640075683593750
-0.00496117118746042251586914062500
-0.00058403343427926301956176757812
0.00956280808895826339721679687500
0.01569342985749244689941406250000
0.01123320404440164566040039062500
-0.00490330485627055168151855468750
0.02317250147461891174316406250000
0.00105478614568710327148437500000
-0.00757781462743878364562988281250
-0.00047105867997743189334869384766
-0.00295820715837180614471435546875
-0.00484466738998889923095703125000
0.00726311467587947845458984375000
0.05340043827891349792480468750000
-0.01208619028329849243164062500000
0.00213959673419594764709472656250
0.00142474262975156307220458984375
-0.00261399289593100547790527343750
0.00123932072892785072326660156250
-0.01388594415038824081420898437500
0.02991021797060966491699218750000
0.00454719411209225654602050781250
0.00142320187296718358993530273438
0.01568126492202281951904296875000
0.03885489329695701599121093750000
0.02507307194173336029052734375000
0.01750734075903892517089843750000
-0.01247546728700399398803710937500
-0.00431353971362113952636718750000
-0.01109261065721511840820312500000
-0.00140282663051038980484008789062
0.00073141622124239802360534667969
0.01889935508370399475097656250000
0.00847652554512023925781250000000
0.03124733641743659973144531250000
0.00776837207376956939697265625000
0.00778990238904953002929687500000
0.00597625318914651870727539062500
0.02992356196045875549316406250000
0.01969437301158905029296875000000
0.00021720746008213609457015991211
0.06181515753269195556640625000000
-0.00099212792702019214630126953125
0.04239263758063316345214843750000
0.01795466803014278411865234375000
-0.00134753447491675615310668945312
-0.00062083837110549211502075195312
-0.00071256910450756549835205078125
-0.00662358617410063743591308593750
0.00801466405391693115234375000000
-0.00278088194318115711212158203125
0.00383788882754743099212646484375
0.00706021161749958992004394531250
-0.00794863328337669372558593750000
0.00224437401629984378814697265625
0.03480114042758941650390625000000
-0.00006283023685682564973831176758
0.00263604079373180866241455078125
0.00083483377238735556602478027344
0.01702815294265747070312500000000
0.04559618234634399414062500000000
0.00470210332423448562622070312500
0.00273428438231348991394042968750
0.07914236932992935180664062500000
0.00087471684673801064491271972656
-0.00264485017396509647369384765625
0.00448383344337344169616699218750
0.02138092368841171264648437500000
-0.01811223290860652923583984375000
0.00064271612791344523429870605469
-0.00092021108139306306838989257812
-0.00688217626884579658508300781250
-0.00010156208736589178442955017090
-0.00000458000249636825174093246460
0.00347169442102313041687011718750
-0.00190946646034717559814453125000
-0.00016764923930168151855468750000
0.00180226913653314113616943359375
0.00410690624266862869262695312500
-0.01244653295725584030151367187500
0.05229822173714637756347656250000
0.00427678180858492851257324218750
-0.00715850805863738059997558593750
-0.00815503112971782684326171875000
-0.00056091177975758910179138183594
-0.00174117065034806728363037109375
0.00677826907485723495483398437500
0.00406901864334940910339355468750
-0.00216197757981717586517333984375
0.01323132496327161788940429687500
-0.00254788203164935111999511718750
0.01306486502289772033691406250000
0.01094729267060756683349609375000
0.02165674977004528045654296875000
0.00902155879884958267211914062500
-0.00391030265018343925476074218750
0.00630356837064027786254882812500
-0.00065374036785215139389038085938
-0.00365546438843011856079101562500
-0.00487022381275892257690429687500
-0.00775667047128081321716308593750
0.00737321190536022186279296875000
0.01857840642333030700683593750000
-0.01528733503073453903198242187500
-0.00798764731734991073608398437500
0.06785448640584945678710937500000
0.00617526238784193992614746093750
-0.00387520086951553821563720703125
-0.00016302692529279738664627075195
-0.01027132384479045867919921875000
0.02331045828759670257568359375000
0.01664252392947673797607421875000
0.04166978225111961364746093750000
0.02692379429936408996582031250000
-0.00136224424932152032852172851562
0.00791238620877265930175781250000
-0.00237903790548443794250488281250
0.00241382513195276260375976562500
0.00215226085856556892395019531250
-0.00066064391285181045532226562500
0.02226686477661132812500000000000
-0.00141476572025567293167114257812
0.01188576128333806991577148437500
0.03205974027514457702636718750000
-0.00559460138902068138122558593750
-0.00002240004869236145168542861938
0.02065396681427955627441406250000
-0.01372600160539150238037109375000
0.00312466942705214023590087890625
0.05940994620323181152343750000000
0.01608368940651416778564453125000
0.00567958736792206764221191406250
0.01013548392802476882934570312500
0.00196695327758789062500000000000
0.00917772669345140457153320312500
0.01312375906854867935180664062500
0.01756437309086322784423828125000
-0.00878883060067892074584960937500
-0.00560728134587407112121582031250
-0.01028982363641262054443359375000
-0.01021217089146375656127929687500
0.00018496152188163250684738159180
0.00056678010150790214538574218750
-0.00098295579664409160614013671875
0.00336196972057223320007324218750
0.00385045260190963745117187500000
-0.00754138221964240074157714843750
0.00565509963780641555786132812500
-0.00846754200756549835205078125000
-0.00228099757805466651916503906250
0.00050658354302868247032165527344
0.00685417046770453453063964843750
-0.00500277755782008171081542968750
0.03177881613373756408691406250000
-0.00080771371722221374511718750000
-0.00672612292692065238952636718750
-0.00841333717107772827148437500000
0.03624245151877403259277343750000
0.01173253729939460754394531250000
-0.00898967217653989791870117187500
-0.00884369481354951858520507812500
0.00384315452538430690765380859375
-0.00758072547614574432373046875000
-0.00198367633856832981109619140625
0.00135269411839544773101806640625
0.01547803636640310287475585937500
-0.01291843876242637634277343750000
0.00166978512424975633621215820312
0.00040410395013168454170227050781
0.00892165303230285644531250000000
0.04328648746013641357421875000000
0.00691145937889814376831054687500
0.00660428544506430625915527343750
-0.01118808519095182418823242187500
-0.00580702722072601318359375000000
0.04177682101726531982421875000000
0.01575850136578083038330078125000
0.00610949471592903137207031250000
-0.00031872082035988569259643554688
-0.00758041068911552429199218750000
-0.00493971211835741996765136718750
-0.00434551620855927467346191406250
-0.01372007653117179870605468750000
0.02419894561171531677246093750000
0.04819806665182113647460937500000
0.00046274423948489129543304443359
-0.00018035031098406761884689331055
-0.00704567041248083114624023437500
0.00498198624700307846069335937500
0.00052405439782887697219848632812
0.01602564938366413116455078125000
0.00379076739773154258728027343750
0.00165680574718862771987915039062
-0.00868085119873285293579101562500
-0.00142799841705709695816040039062
0.02880128659307956695556640625000
0.00533049087971448898315429687500
-0.00091391580644994974136352539062
-0.01314588729292154312133789062500
-0.01023770775645971298217773437500
0.00538378534838557243347167968750
-0.00261542480438947677612304687500
0.01370376255363225936889648437500
0.00059177848743274807929992675781
0.03427395597100257873535156250000
-0.00585991470143198966979980468750
0.03468802198767662048339843750000
0.00819430127739906311035156250000
-0.00760105298832058906555175781250
-0.01237707585096359252929687500000
-0.00039150731754489243030548095703
-0.00030407449230551719665527343750
-0.00426169298589229583740234375000
0.00357980909757316112518310546875
0.03098621033132076263427734375000
0.00066812383010983467102050781250
0.00398180121555924415588378906250
-0.00242986087687313556671142578125
-0.00857803691178560256958007812500
-0.00092087115626782178878784179688
0.01135559659451246261596679687500
-0.00200731121003627777099609375000
-0.00051371974404901266098022460938
0.00174270407296717166900634765625
-0.00999374408274888992309570312500
-0.00067774415947496891021728515625
0.00949920713901519775390625000000
0.03658061474561691284179687500000
0.00192000914830714464187622070312
-0.00503380736336112022399902343750
-0.00819797255098819732666015625000
0.00593110965564846992492675781250
-0.00064021017169579863548278808594
0.03229608759284019470214843750000
0.01599379442632198333740234375000
0.04079196974635124206542968750000
0.01960083842277526855468750000000
-0.01943636685609817504882812500000
0.02819183282554149627685546875000
0.03593346849083900451660156250000
-0.00080307072494179010391235351562
0.01893481984734535217285156250000
0.02100043371319770812988281250000
-0.00504264933988451957702636718750
0.01076871901750564575195312500000
-0.00115092005580663681030273437500
0.01705148816108703613281250000000
0.00336868269369006156921386718750
0.00501192547380924224853515625000
0.00795557349920272827148437500000
0.01907641813158988952636718750000
0.01758256927132606506347656250000
-0.00953540019690990447998046875000
-0.02169894240796566009521484375000
0.01425591204315423965454101562500
-0.00380773912183940410614013671875
0.00307584763504564762115478515625
0.04019724577665328979492187500000
-0.00110452389344573020935058593750
-0.00173247535713016986846923828125
-0.00185393879655748605728149414062
-0.00084479089127853512763977050781
-0.00024766655405983328819274902344
0.00319532095454633235931396484375
-0.00310253445059061050415039062500
-0.01027255412191152572631835937500
0.02019063569605350494384765625000
-0.01883156597614288330078125000000
0.00192289962433278560638427734375
0.03762223944067955017089843750000
0.00788925122469663619995117187500
-0.00307817501015961170196533203125
0.00281902425922453403472900390625
0.00485463021323084831237792968750
0.00258486345410346984863281250000
0.03308717906475067138671875000000
0.06298328191041946411132812500000
-0.00784074049443006515502929687500
-0.00445163715630769729614257812500
-0.00011882399849127978086471557617
-0.00191338337026536464691162109375
0.05027651414275169372558593750000
0.00506145134568214416503906250000
0.00630839401856064796447753906250
0.00005428037184174172580242156982
0.00259993295185267925262451171875
-0.00684353336691856384277343750000
-0.01835547387599945068359375000000
-0.00899414811283349990844726562500
-0.00609136652201414108276367187500
-0.00028087987448088824748992919922
0.02215801179409027099609375000000
0.00219463021494448184967041015625
0.00338156637735664844512939453125
-0.01232132129371166229248046875000
0.00048456966760568320751190185547
-0.00946103688329458236694335937500
-0.00565598160028457641601562500000
-0.00512345647439360618591308593750
-0.00026131118647754192352294921875
0.02378535643219947814941406250000
-0.00191987655125558376312255859375
0.08469078689813613891601562500000
-0.00218904437497258186340332031250
-0.00249288347549736499786376953125
-0.00165033480152487754821777343750
-0.00531130563467741012573242187500
0.02551990002393722534179687500000
0.01233731210231781005859375000000
-0.02235122956335544586181640625000
0.02983385510742664337158203125000
0.00891647767275571823120117187500
-0.00588858779519796371459960937500
0.01711344346404075622558593750000
0.00644510379061102867126464843750
-0.00194397184532135725021362304688
0.03610438853502273559570312500000
0.02163963206112384796142578125000
0.00592791242524981498718261718750
-0.01310408208519220352172851562500
0.00194934185128659009933471679688
-0.00047234923113137483596801757812
0.00794806890189647674560546875000
-0.00731492368504405021667480468750
-0.01324269734323024749755859375000
0.03572680428624153137207031250000
0.04212442040443420410156250000000
0.02715599164366722106933593750000
-0.00561636732891201972961425781250
0.00473047001287341117858886718750
0.03688874840736389160156250000000
0.00296258903108537197113037109375
-0.01075393706560134887695312500000
0.03188123926520347595214843750000
0.00280778994783759117126464843750
0.01066611520946025848388671875000
0.00219159107655286788940429687500
0.04839065298438072204589843750000
0.04129282385110855102539062500000
0.00617415783926844596862792968750
0.00050770078087225556373596191406
0.04251357167959213256835937500000
-0.00398413604125380516052246093750
0.00179743568878620862960815429688
0.00456420844420790672302246093750
-0.00060077366651967167854309082031
-0.02039968222379684448242187500000
-0.00795414671301841735839843750000
0.01923411898314952850341796875000
-0.00200502155348658561706542968750
0.05680258944630622863769531250000
-0.00869544595479965209960937500000
0.03939624503254890441894531250000
0.01102207880467176437377929687500
-0.00009373210923513397574424743652
-0.00151677837129682302474975585938
0.00470737647265195846557617187500
0.00228143297135829925537109375000
0.00077781855361536145210266113281
0.00060700811445713043212890625000
-0.00218494632281363010406494140625
-0.01276867091655731201171875000000
0.00204290403053164482116699218750
0.01072876621037721633911132812500
0.00275418860837817192077636718750
0.02225762978196144104003906250000
0.00079638324677944183349609375000
-0.00975435040891170501708984375000
-0.00996931642293930053710937500000
-0.00220137997530400753021240234375
0.05995336920022964477539062500000
-0.00418783212080597877502441406250
0.00418301951140165328979492187500
-0.00831928383558988571166992187500
0.03979666158556938171386718750000
0.02721727453172206878662109375000
-0.00553040066733956336975097656250
-0.00025355853722430765628814697266
-0.00090870296116918325424194335938
0.04012797027826309204101562500000
0.02851750329136848449707031250000
0.00167801743373274803161621093750
0.01161435525864362716674804687500
0.04631428793072700500488281250000
0.04563733562827110290527343750000
-0.00244233477860689163208007812500
-0.00029728279332630336284637451172
0.00077600200893357396125793457031
-0.01303330063819885253906250000000
-0.00340011692605912685394287109375
0.00147676118649542331695556640625
0.04089991748332977294921875000000
-0.00910760089755058288574218750000
0.04833478108048439025878906250000
-0.02046259678900241851806640625000
-0.00835801940411329269409179687500
0.01469459291547536849975585937500
0.00008425851410720497369766235352
-0.01247376482933759689331054687500
0.01380871981382369995117187500000
-0.00196131644770503044128417968750
-0.00306888879276812076568603515625
-0.00401901826262474060058593750000
0.00894872844219207763671875000000
0.00568138342350721359252929687500
0.02314813062548637390136718750000
-0.00139628583565354347229003906250
-0.00474814092740416526794433593750
-0.00180953310336917638778686523438
-0.00101165554951876401901245117188
-0.00096411263803020119667053222656
-0.00020286435028538107872009277344
0.01025576051324605941772460937500
-0.00337930652312934398651123046875
0.01802318729460239410400390625000
0.02540105953812599182128906250000
0.00445622997358441352844238281250
-0.01247053593397140502929687500000
0.00067287281854078173637390136719
0.00789414253085851669311523437500
-0.00693167280405759811401367187500
0.00916478876024484634399414062500
0.00348709151148796081542968750000
0.02190179936587810516357421875000
0.00450567202642560005187988281250
-0.02832218818366527557373046875000
0.00487241894006729125976562500000
0.00610754359513521194458007812500
0.02836039103567600250244140625000
0.01126676425337791442871093750000
0.00710129179060459136962890625000
-0.01333116926252841949462890625000
-0.00397070776671171188354492187500
0.01800629310309886932373046875000
-0.00306460564024746417999267578125
-0.00986600853502750396728515625000
0.01515749283134937286376953125000
-0.00423145666718482971191406250000
0.00180676812306046485900878906250
-0.00894092675298452377319335937500
-0.01290186122059822082519531250000
-0.00372746051289141178131103515625
-0.00206349347718060016632080078125
-0.00840529147535562515258789062500
-0.01197510585188865661621093750000
0.01490809954702854156494140625000
0.07952675968408584594726562500000
0.02200912684202194213867187500000
-0.00912002846598625183105468750000
-0.00646340660750865936279296875000
0.01018793601542711257934570312500
0.05072620511054992675781250000000
0.00730095291510224342346191406250
0.04834834486246109008789062500000
0.00870721787214279174804687500000
0.01342369336634874343872070312500
0.00112737249583005905151367187500
0.02282601967453956604003906250000
0.01701912283897399902343750000000
0.00290574226528406143188476562500
0.01744268275797367095947265625000
0.02135244011878967285156250000000
0.00063966523157432675361633300781
0.04411726817488670349121093750000
0.05011892691254615783691406250000
0.00116552133113145828247070312500
0.00562474643811583518981933593750
0.01074485760182142257690429687500
0.00595370214432477951049804687500
-0.00806491076946258544921875000000
0.01763493381440639495849609375000
0.04841980710625648498535156250000
-0.01169438194483518600463867187500
0.00458520743995904922485351562500
-0.00475282128900289535522460937500
0.01495470106601715087890625000000
-0.00077615620102733373641967773438
0.01374332513660192489624023437500
-0.00174251769203692674636840820312
0.00542375678196549415588378906250
0.01809773035347461700439453125000
0.05241221189498901367187500000000
0.00417872099205851554870605468750
0.00749349221587181091308593750000
-0.01084936596453189849853515625000
0.00588268693536520004272460937500
0.00659344485029578208923339843750
0.00142343051265925168991088867188
0.00214660237543284893035888671875
-0.00463246554136276245117187500000
0.00904382485896348953247070312500
0.01503445766866207122802734375000
0.00657297857105731964111328125000
0.01725195907056331634521484375000
-0.00677511421963572502136230468750
-0.02895111590623855590820312500000
0.01611247472465038299560546875000
0.00364931649528443813323974609375
-0.00846148654818534851074218750000
0.03008385747671127319335937500000
0.02207772433757781982421875000000
0.01519826613366603851318359375000
0.00974822137504816055297851562500
0.01956927217543125152587890625000
0.00290061999112367630004882812500
-0.00260663242079317569732666015625
0.00946373119950294494628906250000
0.00969043467193841934204101562500
-0.00061916292179375886917114257812
0.01418228540569543838500976562500
-0.00598183320835232734680175781250
0.02274613454937934875488281250000
-0.00925354007631540298461914062500
0.00405580550432205200195312500000
0.02901311032474040985107421875000
-0.01592554152011871337890625000000
0.01235267147421836853027343750000
0.00070549821248278021812438964844
0.00005462906847242265939712524414
-0.01425714883953332901000976562500
-0.01609169133007526397705078125000
-0.01713448576629161834716796875000
0.02098221518099308013916015625000
-0.00064256443874910473823547363281
0.01595768518745899200439453125000
0.01606747508049011230468750000000
0.00020024031982757151126861572266
0.00112256407737731933593750000000
0.00441150553524494171142578125000
-0.01269080955535173416137695312500
0.02238118648529052734375000000000
-0.00027309672441333532333374023438
0.01895822957158088684082031250000
0.00743957050144672393798828125000
-0.00593445170670747756958007812500
-0.00309547362849116325378417968750
0.01134177949279546737670898437500
-0.00048946886090561747550964355469
0.02950285933911800384521484375000
0.00788903981447219848632812500000
0.00477709434926509857177734375000
0.00095308700110763311386108398438
-0.01565181836485862731933593750000
0.00012698394129984080791473388672
-0.01757312007248401641845703125000
0.02859313040971755981445312500000
-0.00404062867164611816406250000000
0.00337401381693780422210693359375
-0.01470538973808288574218750000000
0.00209802039898931980133056640625
-0.01133097708225250244140625000000
-0.00515765417367219924926757812500
0.06805268675088882446289062500000
0.01409339904785156250000000000000
-0.01380871888250112533569335937500
0.00713024009019136428833007812500
0.01537877041846513748168945312500
-0.01998583227396011352539062500000
-0.01272344030439853668212890625000
-0.00371234980411827564239501953125
0.00349801988340914249420166015625
-0.02207393571734428405761718750000
0.01847402006387710571289062500000
0.06609182804822921752929687500000
-0.00511609297245740890502929687500
0.01427359785884618759155273437500
-0.01291685458272695541381835937500
0.00354942912235856056213378906250
0.03852564468979835510253906250000
-0.00984504353255033493041992187500
-0.00371110090054571628570556640625
0.00245476141571998596191406250000
-0.01099232211709022521972656250000
0.00466413144022226333618164062500
-0.01994333602488040924072265625000
0.01335177756845951080322265625000
0.00607872474938631057739257812500
0.02366928197443485260009765625000
0.01175474561750888824462890625000
0.01115092914551496505737304687500
-0.00522216828539967536926269531250
0.00123079295735806226730346679688
0.01218499522656202316284179687500
-0.00358199048787355422973632812500
-0.00590325752273201942443847656250
0.01015450619161128997802734375000
0.00827867165207862854003906250000
-0.01581715978682041168212890625000
0.01092678681015968322753906250000
-0.00238622887991368770599365234375
0.00831253454089164733886718750000
0.00669355783611536026000976562500
-0.01154841855168342590332031250000
-0.00214449060149490833282470703125
-0.01300046779215335845947265625000
-0.00578915141522884368896484375000
0.01217111200094223022460937500000
-0.00799557939171791076660156250000
-0.00146152765955775976181030273438
0.01120010297745466232299804687500
0.04681965336203575134277343750000
0.03028065711259841918945312500000
0.00678412243723869323730468750000
-0.00450290273874998092651367187500
0.00653711333870887756347656250000
0.00545009411871433258056640625000
0.03610348701477050781250000000000
0.00379278184846043586730957031250
-0.01394038554280996322631835937500
0.00468601379543542861938476562500
-0.02880987338721752166748046875000
0.01862152107059955596923828125000
0.00393026322126388549804687500000
0.00855567399412393569946289062500
0.01973882503807544708251953125000
0.00809633545577526092529296875000
-0.00081343541387468576431274414062
0.02327462658286094665527343750000
0.00731429876759648323059082031250
-0.00767553737387061119079589843750
0.01163293886929750442504882812500
-0.00663357647135853767395019531250
0.00280762766487896442413330078125
-0.00649440707638859748840332031250
0.00285400031134486198425292968750
-0.00337872165255248546600341796875
0.00552680855616927146911621093750
0.00594845274463295936584472656250
-0.01045336108654737472534179687500
0.01686296425759792327880859375000
-0.00532153854146599769592285156250
0.00143257295712828636169433593750
0.00148447661194950342178344726562
0.01119370665401220321655273437500
0.00445249490439891815185546875000
0.01194388605654239654541015625000
0.01370284426957368850708007812500
-0.01437176577746868133544921875000
0.01356352586299180984497070312500
-0.01584452763199806213378906250000
-0.00118474452756345272064208984375
0.02490832470357418060302734375000
0.00494223413988947868347167968750
-0.00512512587010860443115234375000
-0.01728717982769012451171875000000
0.01050093397498130798339843750000
-0.00309794768691062927246093750000
-0.00034031862742267549037933349609
0.00535537535324692726135253906250
0.00806586351245641708374023437500
-0.00305297831073403358459472656250
-0.01806663721799850463867187500000
0.02584025450050830841064453125000
0.01006297580897808074951171875000
0.01345741003751754760742187500000
