0.04770145937800407409667968750000
0.02955936454236507415771484375000
0.00737057300284504890441894531250
-0.00898534245789051055908203125000
0.01029149442911148071289062500000
-0.00490809790790081024169921875000
-0.00291227083653211593627929687500
0.01282168272882699966430664062500
0.04173005744814872741699218750000
-0.00013046427920926362276077270508
0.02109966799616813659667968750000
0.01528098993003368377685546875000
-0.00038766261423006653785705566406
0.01221289206296205520629882812500
0.00454182876273989677429199218750
-0.00357893109321594238281250000000
-0.01898396760225296020507812500000
0.00499778380617499351501464843750
-0.01727315410971641540527343750000
-0.00023389539273921400308609008789
-0.00316095398738980293273925781250
0.00964725855737924575805664062500
-0.00769425882026553153991699218750
0.00648806476965546607971191406250
-0.00205988832749426364898681640625
-0.00059897772734984755516052246094
0.04028991982340812683105468750000
-0.00492060370743274688720703125000
-0.00372257642447948455810546875000
0.00804908387362957000732421875000
0.00272464775480329990386962890625
-0.00753566948696970939636230468750
-0.00016618384688626974821090698242
0.00508653419092297554016113281250
0.03603992983698844909667968750000
-0.00385802052915096282958984375000
-0.00027165058418177068233489990234
-0.00012641056673601269721984863281
0.00211382587440311908721923828125
-0.00143019401002675294876098632812
0.00362998526543378829956054687500
0.04330680146813392639160156250000
0.00095256714848801493644714355469
-0.00033484282903373241424560546875
-0.01124047953635454177856445312500
0.00384174124337732791900634765625
-0.00429428461939096450805664062500
0.02118288353085517883300781250000
-0.00210473500192165374755859375000
0.00315847806632518768310546875000
0.00177713111042976379394531250000
-0.00043135299347341060638427734375
-0.01527771539986133575439453125000
-0.02622964233160018920898437500000
0.04155914112925529479980468750000
0.03363630548119544982910156250000
0.00298729375936090946197509765625
0.01551781222224235534667968750000
0.00185721216257661581039428710938
0.01229841634631156921386718750000
-0.00198132614605128765106201171875
-0.01006193738430738449096679687500
0.00065803952747955918312072753906
-0.01345224771648645401000976562500
0.01281635276973247528076171875000
-0.00635935878381133079528808593750
0.00089978816686198115348815917969
0.02414768747985363006591796875000
-0.00600110646337270736694335937500
-0.00178202649112790822982788085938
0.04774967581033706665039062500000
0.03648978099226951599121093750000
0.03993345052003860473632812500000
0.00401530787348747253417968750000
-0.00720088882371783256530761718750
0.01802706532180309295654296875000
-0.01379028800874948501586914062500
-0.00206799176521599292755126953125
0.03332172706723213195800781250000
0.05436564981937408447265625000000
0.00248454627580940723419189453125
-0.00045526807662099599838256835938
-0.00633147638291120529174804687500
0.02664920315146446228027343750000
0.01711941882967948913574218750000
0.00853719096630811691284179687500
0.00519305281341075897216796875000
-0.00960743986070156097412109375000
-0.00271005253307521343231201171875
-0.00067744276020675897598266601562
-0.00501772062852978706359863281250
0.02148936875164508819580078125000
0.00105932704173028469085693359375
0.01766050979495048522949218750000
0.00022266627638600766658782958984
0.00346273183822631835937500000000
-0.00029721864848397672176361083984
0.00704816402867436408996582031250
-0.00151564506813883781433105468750
-0.00055651698494330048561096191406
-0.00750979781150817871093750000000
-0.00011948029714403674006462097168
0.00143666728399693965911865234375
-0.00563377561047673225402832031250
-0.01225074473768472671508789062500
-0.00453898869454860687255859375000
-0.00202995236031711101531982421875
-0.00054755917517468333244323730469
0.01508785132318735122680664062500
0.00693403976038098335266113281250
-0.00374837126582860946655273437500
-0.00459898402914404869079589843750
-0.00547633925452828407287597656250
0.00485957227647304534912109375000
-0.00202464498579502105712890625000
0.02625505626201629638671875000000
0.00747924111783504486083984375000
-0.01316578313708305358886718750000
0.00144160131458193063735961914062
0.01003531739115715026855468750000
0.00508058536797761917114257812500
-0.00019400223391130566596984863281
0.00211954000405967235565185546875
-0.00747307389974594116210937500000
0.00967576820403337478637695312500
0.02611842565238475799560546875000
0.04782995581626892089843750000000
0.00267452816478908061981201171875
-0.00247442186810076236724853515625
-0.00850544124841690063476562500000
-0.00615486456081271171569824218750
-0.00807894207537174224853515625000
0.04337916895747184753417968750000
-0.00019594715558923780918121337891
-0.00019961735233664512634277343750
0.01363657973706722259521484375000
-0.01120093837380409240722656250000
-0.00237636896781623363494873046875
-0.00611567730084061622619628906250
0.00134282081853598356246948242188
-0.00359429139643907546997070312500
0.00157687871251255273818969726562
0.00105701258871704339981079101562
0.00163022486958652734756469726562
0.00371358450502157211303710937500
0.00541453761979937553405761718750
-0.00414248835295438766479492187500
0.03712815418839454650878906250000
0.00115149817429482936859130859375
0.03896974772214889526367187500000
0.01046225428581237792968750000000
0.00799874216318130493164062500000
0.00748681742697954177856445312500
-0.00174294051248580217361450195312
0.00794449076056480407714843750000
0.00379956653341650962829589843750
0.00141755992081016302108764648438
-0.00020804614177905023097991943359
0.01599315367639064788818359375000
0.05112766101956367492675781250000
0.02759351395070552825927734375000
0.01808384433388710021972656250000
-0.00006674048199784010648727416992
0.02272873930633068084716796875000
0.05140950903296470642089843750000
0.02214695140719413757324218750000
-0.00205210875719785690307617187500
0.00391790177673101425170898437500
0.00949366390705108642578125000000
0.00754560856148600578308105468750
0.00418945122510194778442382812500
-0.00010633846250129863619804382324
-0.00819492060691118240356445312500
-0.00977739412337541580200195312500
-0.00308716413564980030059814453125
-0.00764923729002475738525390625000
0.01422151271253824234008789062500
-0.00135520903859287500381469726562
-0.00019663752755150198936462402344
-0.00132800359278917312622070312500
-0.00011752825230360031127929687500
0.00337247271090745925903320312500
-0.00049850234063342213630676269531
-0.00019189610611647367477416992188
-0.00282688555307686328887939453125
-0.00798525102436542510986328125000
0.00640398170799016952514648437500
-0.00711852358654141426086425781250
0.02549173310399055480957031250000
-0.00212786346673965454101562500000
0.00765360472723841667175292968750
-0.00601731752976775169372558593750
0.03741934522986412048339843750000
0.00003219125574105419218540191650
0.08148263394832611083984375000000
0.03929841890931129455566406250000
-0.00837648101150989532470703125000
-0.01262568496167659759521484375000
0.03398671373724937438964843750000
0.00481587229296565055847167968750
-0.01055289804935455322265625000000
0.00347134540788829326629638671875
-0.00673446664586663246154785156250
-0.00004142865509493276476860046387
-0.00015474171959795057773590087891
0.00126443384215235710144042968750
0.00015539053129032254219055175781
0.00394429825246334075927734375000
0.00142053305171430110931396484375
0.00242182007059454917907714843750
0.05588014051318168640136718750000
-0.00014595303218811750411987304688
0.00128658197354525327682495117188
0.03884663432836532592773437500000
-0.00283461809158325195312500000000
-0.00174757791683077812194824218750
0.00692297331988811492919921875000
0.00125399476382881402969360351562
0.01698899082839488983154296875000
0.00938106235116720199584960937500
-0.00382705917581915855407714843750
0.00238824798725545406341552734375
-0.00083297980017960071563720703125
0.01297067571431398391723632812500
-0.00485794246196746826171875000000
-0.00480440258979797363281250000000
0.00109253905247896909713745117188
-0.00146951514761894941329956054688
0.00608917092904448509216308593750
0.01665731891989707946777343750000
-0.00314798764884471893310546875000
0.00128704123198986053466796875000
-0.00003179365739924833178520202637
0.01102812867611646652221679687500
0.01741286367177963256835937500000
0.04941845312714576721191406250000
0.01816243305802345275878906250000
0.05050331726670265197753906250000
-0.00711891986429691314697265625000
-0.01513598673045635223388671875000
0.03864613175392150878906250000000
0.02367667108774185180664062500000
-0.00118743104394525289535522460938
0.01995616778731346130371093750000
0.01704813539981842041015625000000
0.02760447561740875244140625000000
0.11373385041952133178710937500000
-0.01612906716763973236083984375000
0.03157363459467887878417968750000
0.00587988691404461860656738281250
0.01217161398380994796752929687500
-0.00300983223132789134979248046875
0.00327731599099934101104736328125
0.00102590920869261026382446289062
-0.00050075195031240582466125488281
0.00285992585122585296630859375000
0.01327849831432104110717773437500
-0.00221350183710455894470214843750
0.00709386542439460754394531250000
-0.00360535900108516216278076171875
-0.00520602846518158912658691406250
-0.01321719307452440261840820312500
-0.01214240584522485733032226562500
-0.00000685228860675124451518058777
-0.04659374058246612548828125000000
-0.01470516622066497802734375000000
-0.00648626964539289474487304687500
-0.00452234083786606788635253906250
0.00019477299065329134464263916016
0.04414649307727813720703125000000
-0.00094549625646322965621948242188
-0.00467627169564366340637207031250
0.03302095830440521240234375000000
0.05262322723865509033203125000000
-0.02865396440029144287109375000000
0.00019820612214971333742141723633
0.00200564786791801452636718750000
0.00903106853365898132324218750000
0.00210156664252281188964843750000
-0.00218730466440320014953613281250
0.00708591332659125328063964843750
-0.01174735464155673980712890625000
-0.00741317076608538627624511718750
0.00273394910618662834167480468750
-0.04455236345529556274414062500000
-0.02173107303678989410400390625000
-0.01943442411720752716064453125000
-0.00132510671392083168029785156250
0.02328604646027088165283203125000
-0.02374738641083240509033203125000
0.00791083741933107376098632812500
-0.03252869844436645507812500000000
0.00347322132438421249389648437500
0.01422548759728670120239257812500
0.03152643144130706787109375000000
0.01340328902006149291992187500000
0.01080883946269750595092773437500
-0.01036903448402881622314453125000
-0.03082685917615890502929687500000
0.00816058088093996047973632812500
0.04708091914653778076171875000000
-0.01286105811595916748046875000000
0.01427043136209249496459960937500
-0.00945866294205188751220703125000
0.00865238718688488006591796875000
0.00329686491750180721282958984375
-0.01074651908129453659057617187500
-0.00845874845981597900390625000000
-0.02493301033973693847656250000000
0.01258162129670381546020507812500
-0.05345303192734718322753906250000
-0.01149823237210512161254882812500
-0.03205148130655288696289062500000
0.00480472575873136520385742187500
-0.00277289538644254207611083984375
-0.00366244139149785041809082031250
0.01597041450440883636474609375000
0.00478971889242529869079589843750
0.00156632869038730859756469726562
0.00854444317519664764404296875000
-0.00046463901526294648647308349609
-0.00658620707690715789794921875000
-0.00119624601211398839950561523438
0.03663899749517440795898437500000
-0.01436115521937608718872070312500
-0.00695739546790719032287597656250
-0.00556220998987555503845214843750
-0.00885312538594007492065429687500
0.01546600367873907089233398437500
0.02231568284332752227783203125000
0.00420626066625118255615234375000
-0.00146768568083643913269042968750
-0.01461091730743646621704101562500
0.03194380551576614379882812500000
-0.00540135893970727920532226562500
0.03797123208642005920410156250000
0.01997301355004310607910156250000
0.10661233216524124145507812500000
0.01536362338811159133911132812500
0.04366340488195419311523437500000
-0.03780092298984527587890625000000
0.00526149477809667587280273437500
0.00923892389982938766479492187500
-0.00615590717643499374389648437500
0.00295473914593458175659179687500
0.00404462171718478202819824218750
-0.01190413720905780792236328125000
0.01502732280641794204711914062500
0.00106861384119838476181030273438
0.02489173971116542816162109375000
-0.02607310190796852111816406250000
0.00657994020730257034301757812500
0.00493859872221946716308593750000
-0.01031165104359388351440429687500
-0.01846317388117313385009765625000
0.00271847564727067947387695312500
-0.00141731393523514270782470703125
0.04259430244565010070800781250000
0.00680959597229957580566406250000
0.02043723315000534057617187500000
-0.00795077253133058547973632812500
-0.03088485077023506164550781250000
0.01352023798972368240356445312500
0.01898937672376632690429687500000
-0.00238927546888589859008789062500
0.00221925158984959125518798828125
-0.01969398185610771179199218750000
0.00298826955258846282958984375000
-0.00137052033096551895141601562500
-0.00154309731442481279373168945312
0.01225041132420301437377929687500
0.01460044272243976593017578125000
0.01424395572394132614135742187500
0.01318868063390254974365234375000
-0.00562868639826774597167968750000
-0.03255092352628707885742187500000
0.01735294610261917114257812500000
-0.02642184309661388397216796875000
0.06980729848146438598632812500000
-0.00188898213673382997512817382812
0.00213986565358936786651611328125
0.01872841641306877136230468750000
-0.04259890690445899963378906250000
-0.01355137769132852554321289062500
0.00371526414528489112854003906250
0.02205798216164112091064453125000
0.00583578459918498992919921875000
0.00332005578093230724334716796875
-0.01094264816492795944213867187500
-0.02689234353601932525634765625000
0.00256935623474419116973876953125
0.00937121175229549407958984375000
0.03110845386981964111328125000000
-0.01187452673912048339843750000000
0.05722864344716072082519531250000
0.01640792563557624816894531250000
-0.00706152152270078659057617187500
0.00291708484292030334472656250000
0.03645483776926994323730468750000
0.01439467817544937133789062500000
0.03372496739029884338378906250000
0.02043304406106472015380859375000
0.01933225616812705993652343750000
0.00085123494500294327735900878906
0.00453538075089454650878906250000
0.01322037447243928909301757812500
-0.00185899890493601560592651367188
-0.00175835913978517055511474609375
0.02300302870571613311767578125000
0.01458125375211238861083984375000
-0.01312139909714460372924804687500
0.00873199850320816040039062500000
0.00223801308311522006988525390625
-0.01172793656587600708007812500000
0.02711566537618637084960937500000
0.00145603634882718324661254882812
-0.00505736796185374259948730468750
-0.00328551931306719779968261718750
0.01188895106315612792968750000000
0.06963763386011123657226562500000
0.00390971777960658073425292968750
0.01034728810191154479980468750000
-0.00851481314748525619506835937500
0.00338051817379891872406005859375
0.00682403612881898880004882812500
0.00395461311563849449157714843750
0.00313496612943708896636962890625
0.00013204199785832315683364868164
0.00203536869958043098449707031250
-0.02490271627902984619140625000000
0.00487409811466932296752929687500
0.01636407151818275451660156250000
-0.02293809503316879272460937500000
0.00808894541114568710327148437500
0.00638297805562615394592285156250
0.00273462780751287937164306640625
0.01064225099980831146240234375000
-0.01561502087861299514770507812500
0.00502164894714951515197753906250
0.00086251698667183518409729003906
-0.00574702164158225059509277343750
0.00067285948898643255233764648438
-0.00049691245658323168754577636719
0.00495826173573732376098632812500
-0.00595282670110464096069335937500
0.01386619172990322113037109375000
-0.01747083291411399841308593750000
0.00844862684607505798339843750000
-0.01680944673717021942138671875000
-0.02193625643849372863769531250000
0.00186698464676737785339355468750
0.01621804758906364440917968750000
0.01306775119155645370483398437500
0.00649622827768325805664062500000
0.02002689242362976074218750000000
0.00614011893048882484436035156250
0.00923966523259878158569335937500
-0.00186924089211970567703247070312
0.01238199509680271148681640625000
-0.00125428289175033569335937500000
0.01604180969297885894775390625000
0.00552666420117020606994628906250
0.00398373045027256011962890625000
0.01711340248584747314453125000000
-0.00359522085636854171752929687500
0.02162594348192214965820312500000
-0.02058548480272293090820312500000
0.01197210699319839477539062500000
-0.00195122382137924432754516601562
-0.00316752283833920955657958984375
0.00688400119543075561523437500000
0.07402712851762771606445312500000
-0.01145411003381013870239257812500
0.02655117027461528778076171875000
-0.02297425828874111175537109375000
-0.04869127646088600158691406250000
-0.00105006643570959568023681640625
0.00565440440550446510314941406250
-0.00403543421998620033264160156250
0.02731701172888278961181640625000
0.02925167605280876159667968750000
-0.01382786408066749572753906250000
0.02367702126502990722656250000000
-0.01898236013948917388916015625000
-0.01760728657245635986328125000000
-0.00319544854573905467987060546875
0.00237702997401356697082519531250
0.01697084866464138031005859375000
0.04061618074774742126464843750000
0.01224721409380435943603515625000
0.02310467325150966644287109375000
0.01790111698210239410400390625000
-0.01267200149595737457275390625000
0.00053095124894753098487854003906
-0.00311327702365815639495849609375
0.02170738577842712402343750000000
0.00709987245500087738037109375000
0.01045479439198970794677734375000
-0.00310260686092078685760498046875
0.01500042527914047241210937500000
0.01334570348262786865234375000000
0.03228874132037162780761718750000
0.00549892336130142211914062500000
0.00558751448988914489746093750000
0.01787281781435012817382812500000
-0.00586876412853598594665527343750
-0.00595677969977259635925292968750
0.00017302182095590978860855102539
0.05977970361709594726562500000000
-0.00420654099434614181518554687500
0.00604185741394758224487304687500
0.02592059411108493804931640625000
0.00219704117625951766967773437500
0.01005142647773027420043945312500
0.01842569001019001007080078125000
0.00866323430091142654418945312500
0.01180612482130527496337890625000
-0.00992367789149284362792968750000
0.00474215764552354812622070312500
-0.00330001371912658214569091796875
0.00918577238917350769042968750000
-0.00958436820656061172485351562500
-0.01532253343611955642700195312500
-0.01121657807379961013793945312500
-0.00500501971691846847534179687500
-0.00884973071515560150146484375000
-0.00094589084619656205177307128906
0.01527478452771902084350585937500
-0.01072970125824213027954101562500
0.00748602394014596939086914062500
0.03624307736754417419433593750000
-0.00462306244298815727233886718750
0.02172390557825565338134765625000
-0.00054579263087362051010131835938
0.01733283326029777526855468750000
-0.01504318788647651672363281250000
-0.00306725618429481983184814453125
0.00519350869581103324890136718750
0.01009312272071838378906250000000
-0.02118977159261703491210937500000
-0.01612841151654720306396484375000
0.01866674423217773437500000000000
-0.00228282390162348747253417968750
-0.00270380335859954357147216796875
-0.03342039138078689575195312500000
0.02321298979222774505615234375000
0.04756937548518180847167968750000
0.00299512711353600025177001953125
-0.00588424084708094596862792968750
-0.00406324118375778198242187500000
-0.00607562111690640449523925781250
-0.00819884147495031356811523437500
0.03846896812319755554199218750000
-0.02058195881545543670654296875000
0.01091476436704397201538085937500
0.01871040277183055877685546875000
-0.01237238664180040359497070312500
0.00541673926636576652526855468750
0.00239779124967753887176513671875
-0.00575742637738585472106933593750
-0.00375416339375078678131103515625
0.00575156137347221374511718750000
-0.00533332815393805503845214843750
-0.00308018852956593036651611328125
0.02826559543609619140625000000000
0.00668688630685210227966308593750
0.00566085660830140113830566406250
-0.01558515802025794982910156250000
0.00126403733156621456146240234375
0.03441186621785163879394531250000
0.02921525947749614715576171875000
0.02716481313109397888183593750000
0.00829168502241373062133789062500
0.00446340208873152732849121093750
-0.01080506574362516403198242187500
0.00112301774788647890090942382812
0.00435698870569467544555664062500
0.00699051190167665481567382812500
-0.01447448786348104476928710937500
0.04775829613208770751953125000000
0.00955793168395757675170898437500
-0.00080543628428131341934204101562
0.02590396814048290252685546875000
-0.02689238823950290679931640625000
0.03347677364945411682128906250000
0.00721423933282494544982910156250
0.01363932061940431594848632812500
-0.00747379520907998085021972656250
0.00729229347780346870422363281250
0.01873881183564662933349609375000
-0.02194158360362052917480468750000
0.00485538365319371223449707031250
-0.01422220934182405471801757812500
0.00670141726732254028320312500000
-0.00075710454257205128669738769531
0.03686026856303215026855468750000
0.01615295372903347015380859375000
-0.01688687317073345184326171875000
-0.01092170830816030502319335937500
-0.00384094030596315860748291015625
0.00937067531049251556396484375000
-0.00011820581130450591444969177246
0.00977871101349592208862304687500
0.01986535638570785522460937500000
0.02067844942212104797363281250000
0.01956899650394916534423828125000
-0.01693385280668735504150390625000
0.02277104929089546203613281250000
0.00485572358593344688415527343750
-0.00566855259239673614501953125000
0.02285116352140903472900390625000
0.11115586757659912109375000000000
-0.00134937942493706941604614257812
0.01282576099038124084472656250000
0.00020387295808177441358566284180
-0.01980051957070827484130859375000
0.00674863299354910850524902343750
0.01020817924290895462036132812500
0.00621299864724278450012207031250
0.03635635972023010253906250000000
0.01949837990105152130126953125000
-0.01172006968408823013305664062500
-0.01867941766977310180664062500000
0.00600434374064207077026367187500
0.00396832358092069625854492187500
0.01716242916882038116455078125000
-0.02210838906466960906982421875000
-0.00288792117498815059661865234375
0.00049918430158868432044982910156
0.00642528384923934936523437500000
0.01050970982760190963745117187500
0.01151502691209316253662109375000
-0.01580282300710678100585937500000
-0.00338983326219022274017333984375
-0.01382425054907798767089843750000
0.03685514256358146667480468750000
-0.02142434194684028625488281250000
0.01248132158070802688598632812500
-0.02819468639791011810302734375000
0.01075275428593158721923828125000
-0.00225963443517684936523437500000
0.01976679079234600067138671875000
0.00603783130645751953125000000000
0.00585169438272714614868164062500
0.00762087805196642875671386718750
-0.02560246922075748443603515625000
-0.00679222168400883674621582031250
0.00907796248793601989746093750000
0.00977949611842632293701171875000
0.00983110349625349044799804687500
-0.00476629519835114479064941406250
0.00019125352264381945133209228516
0.02716769091784954071044921875000
-0.00394380511716008186340332031250
-0.04272541031241416931152343750000
-0.03335321322083473205566406250000
-0.02309514209628105163574218750000
-0.01535750646144151687622070312500
-0.02822327800095081329345703125000
0.03439702838659286499023437500000
0.03245722129940986633300781250000
-0.00112336897291243076324462890625
0.00916673429310321807861328125000
-0.01297592557966709136962890625000
0.01572618447244167327880859375000
-0.00269441725686192512512207031250
0.06037374585866928100585937500000
0.00436014961451292037963867187500
0.03594776242971420288085937500000
0.02337404899299144744873046875000
0.00785861257463693618774414062500
0.01358073763549327850341796875000
0.00599638558924198150634765625000
-0.00105389242526143789291381835938
0.00393295381218194961547851562500
-0.00299452990293502807617187500000
0.02493756823241710662841796875000
0.00627276673913002014160156250000
0.04165628552436828613281250000000
-0.03051442280411720275878906250000
0.03205522149801254272460937500000
0.00658491579815745353698730468750
0.01627438701689243316650390625000
0.00640410510823130607604980468750
-0.00021383901184890419244766235352
0.00561943883076310157775878906250
0.02499393932521343231201171875000
0.00766856363043189048767089843750
0.01011496968567371368408203125000
0.00634050229564309120178222656250
0.01541374623775482177734375000000
-0.02850010246038436889648437500000
0.01239831186830997467041015625000
-0.00414199195802211761474609375000
0.01049418374896049499511718750000
-0.01844316348433494567871093750000
-0.00363528053276240825653076171875
0.06543256342411041259765625000000
0.01527696475386619567871093750000
-0.00280193169601261615753173828125
0.03945131599903106689453125000000
0.00972255878150463104248046875000
0.01586956530809402465820312500000
0.01665476523339748382568359375000
0.02948981709778308868408203125000
0.00689998082816600799560546875000
-0.03440026193857192993164062500000
-0.01597874984145164489746093750000
0.01299855951219797134399414062500
0.00835439097136259078979492187500
-0.03662878647446632385253906250000
0.00581611599773168563842773437500
0.06853291392326354980468750000000
0.00852396991103887557983398437500
0.04093930497765541076660156250000
-0.02323042973875999450683593750000
-0.00104328559245914220809936523438
0.00303224520757794380187988281250
0.00463483203202486038208007812500
-0.01051671989262104034423828125000
0.00002731129279709421098232269287
-0.00760886166244745254516601562500
0.04560565575957298278808593750000
0.02486078068614006042480468750000
-0.00069389934651553630828857421875
0.03119481541216373443603515625000
0.01261232048273086547851562500000
-0.00203900551423430442810058593750
0.00866065360605716705322265625000
0.00308931362815201282501220703125
-0.01297553628683090209960937500000
0.02354699000716209411621093750000
0.01734851300716400146484375000000
0.00476014101877808570861816406250
-0.01041991356760263442993164062500
0.03476865962147712707519531250000
-0.01146456878632307052612304687500
-0.01280011422932147979736328125000
0.00083770963829010725021362304688
-0.00184180377982556819915771484375
0.07849802076816558837890625000000
0.02276507578790187835693359375000
-0.00040196336340159177780151367188
-0.02071600034832954406738281250000
0.03158375248312950134277343750000
-0.00460147298872470855712890625000
0.00147083296906203031539916992188
-0.00763570796698331832885742187500
0.02581605687737464904785156250000
-0.02528778277337551116943359375000
-0.01211959682404994964599609375000
-0.00098215043544769287109375000000
-0.01210526842623949050903320312500
-0.01014307420700788497924804687500
0.00611311150714755058288574218750
0.01592617854475975036621093750000
-0.00420108297839760780334472656250
0.08247935771942138671875000000000
0.00801799818873405456542968750000
0.02267576940357685089111328125000
-0.02590274065732955932617187500000
-0.00745172938331961631774902343750
0.00473676482215523719787597656250
-0.01421755924820899963378906250000
-0.00670863408595323562622070312500
-0.00444137444719672203063964843750
0.02481089346110820770263671875000
0.00467974040657281875610351562500
