0.03716894239187240600585937500000
0.02434360049664974212646484375000
0.00055422983132302761077880859375
0.00280595128424465656280517578125
0.00507965637370944023132324218750
0.01002833619713783264160156250000
-0.01417406555265188217163085937500
-0.00071661808760836720466613769531
0.00169904460199177265167236328125
0.03064027987420558929443359375000
-0.00809705071151256561279296875000
-0.00175951293203979730606079101562
-0.00943123642355203628540039062500
0.00225239270366728305816650390625
0.00523859122768044471740722656250
-0.00389935728162527084350585937500
0.01252477709203958511352539062500
0.03986021876335144042968750000000
0.02222503907978534698486328125000
0.01054228655993938446044921875000
0.00033263926161453127861022949219
-0.00225693918764591217041015625000
0.00142550072632730007171630859375
-0.01212081778794527053833007812500
0.00228510843589901924133300781250
0.01260558795183897018432617187500
0.00730854272842407226562500000000
-0.01102195493876934051513671875000
-0.00197423575446009635925292968750
-0.01732649281620979309082031250000
-0.00020743135246448218822479248047
0.00400521280243992805480957031250
0.00642949342727661132812500000000
0.01405934058129787445068359375000
0.07204834371805191040039062500000
0.00760097801685333251953125000000
0.02332729846239089965820312500000
0.00390791241079568862915039062500
0.00456723198294639587402343750000
-0.02537113241851329803466796875000
0.00784934684634208679199218750000
-0.00095990445697680115699768066406
-0.01753148436546325683593750000000
-0.00030829804018139839172363281250
0.00930928345769643783569335937500
-0.00813269987702369689941406250000
0.00636076834052801132202148437500
0.01674181409180164337158203125000
-0.01487995218485593795776367187500
0.02428654767572879791259765625000
0.02896777540445327758789062500000
-0.00775444786995649337768554687500
0.00488254241645336151123046875000
0.00103373755700886249542236328125
0.01129172649234533309936523437500
0.00114494026638567447662353515625
0.00222536781802773475646972656250
0.00561688886955380439758300781250
0.01085259299725294113159179687500
0.02959816344082355499267578125000
-0.00006583581853192299604415893555
-0.02233875729143619537353515625000
0.02055505663156509399414062500000
-0.00647363997995853424072265625000
-0.00733677763491868972778320312500
0.00424417760223150253295898437500
0.05079554393887519836425781250000
-0.00073910446371883153915405273438
0.00377572886645793914794921875000
0.04985243082046508789062500000000
0.01899140514433383941650390625000
0.03515278175473213195800781250000
0.00690354546532034873962402343750
-0.01872553862631320953369140625000
-0.00258037494495511054992675781250
0.00848009064793586730957031250000
0.04524534195661544799804687500000
0.07581290602684020996093750000000
-0.00208522402681410312652587890625
0.00449998071417212486267089843750
-0.00813791994005441665649414062500
0.00147242867387831211090087890625
-0.00018067266501020640134811401367
0.00827126484364271163940429687500
-0.00044921328662894666194915771484
-0.00370804965496063232421875000000
0.00047765960334800183773040771484
0.00279879430308938026428222656250
0.05005299672484397888183593750000
-0.00069153012009337544441223144531
0.02766945771872997283935546875000
0.01851610094308853149414062500000
0.00856877584010362625122070312500
0.00365426228381693363189697265625
-0.01198282651603221893310546875000
-0.01002341508865356445312500000000
0.01342382561415433883666992187500
-0.01296683587133884429931640625000
0.00279986532405018806457519531250
0.01414116565138101577758789062500
0.02302184328436851501464843750000
0.00365192489698529243469238281250
0.00486929761245846748352050781250
-0.00576831074431538581848144531250
0.00215476169250905513763427734375
-0.02013878338038921356201171875000
-0.00016454893921036273241043090820
0.06268083304166793823242187500000
0.00152818986680358648300170898438
0.02989792823791503906250000000000
0.00966417137533426284790039062500
0.01698335632681846618652343750000
0.01346679218113422393798828125000
0.00415998976677656173706054687500
0.00390627933666110038757324218750
0.03844952210783958435058593750000
0.06089480221271514892578125000000
-0.00600327178835868835449218750000
-0.00611432408913969993591308593750
0.02611957862973213195800781250000
0.00615426525473594665527343750000
0.03849536553025245666503906250000
0.01658851280808448791503906250000
0.09233364462852478027343750000000
-0.01328167598694562911987304687500
-0.00777334067970514297485351562500
-0.00019152957247570157051086425781
-0.00342734530568122863769531250000
-0.00628036307170987129211425781250
-0.00700839888304471969604492187500
0.00872077699750661849975585937500
-0.01066178083419799804687500000000
-0.01311812363564968109130859375000
-0.00728943012654781341552734375000
0.00891804788261651992797851562500
-0.00933556165546178817749023437500
-0.00509130582213401794433593750000
0.05393487215042114257812500000000
0.04504008591175079345703125000000
0.02277323044836521148681640625000
0.01269571576267480850219726562500
0.03757990896701812744140625000000
-0.01199653837829828262329101562500
0.00575061794370412826538085937500
-0.02029536105692386627197265625000
0.01587954163551330566406250000000
0.03972340002655982971191406250000
0.02007914334535598754882812500000
-0.00288322172127664089202880859375
0.01011938694864511489868164062500
-0.00487811863422393798828125000000
-0.02209649048745632171630859375000
-0.00847174413502216339111328125000
0.00334523757919669151306152343750
0.03927787393331527709960937500000
0.00491651147603988647460937500000
-0.00348606170155107975006103515625
0.01179915759712457656860351562500
0.02534087747335433959960937500000
-0.00564460968598723411560058593750
0.02893092855811119079589843750000
0.03814156353473663330078125000000
-0.01346294954419136047363281250000
-0.00420023035258054733276367187500
0.01877470500767230987548828125000
0.07055353373289108276367187500000
0.02547999843955039978027343750000
-0.01006608735769987106323242187500
0.00159528607036918401718139648438
-0.01379162538796663284301757812500
0.00673403171822428703308105468750
0.02039954438805580139160156250000
-0.00596432760357856750488281250000
-0.00195171975065022706985473632812
0.00670645479112863540649414062500
0.02647845074534416198730468750000
-0.00359516497701406478881835937500
0.00890222005546092987060546875000
-0.00914920028299093246459960937500
0.00669991457834839820861816406250
-0.01514569018036127090454101562500
-0.01993318833410739898681640625000
-0.00534862652420997619628906250000
0.01484469138085842132568359375000
-0.00193993106950074434280395507812
0.01655100472271442413330078125000
0.01042167097330093383789062500000
0.03444727882742881774902343750000
0.00091349746799096465110778808594
0.00403174292296171188354492187500
0.03796857595443725585937500000000
0.00462267128750681877136230468750
0.06602649390697479248046875000000
-0.01056136097759008407592773437500
-0.00285441032610833644866943359375
0.06285675615072250366210937500000
-0.00684632221236824989318847656250
-0.01554694119840860366821289062500
-0.01681138202548027038574218750000
0.06279633194208145141601562500000
-0.01245083659887313842773437500000
0.00781465042382478713989257812500
-0.00714253541082143783569335937500
-0.00994792860001325607299804687500
-0.01320621743798255920410156250000
0.01764458045363426208496093750000
0.02570034191012382507324218750000
-0.02539427578449249267578125000000
0.03388470038771629333496093750000
-0.00208998052403330802917480468750
-0.00813755951821804046630859375000
-0.01532035879790782928466796875000
-0.00066406442783772945404052734375
0.06558262556791305541992187500000
0.01065249461680650711059570312500
-0.01026151143014430999755859375000
-0.00150905351620167493820190429688
0.00636274321004748344421386718750
-0.00920970924198627471923828125000
-0.01063513476401567459106445312500
0.01765463314950466156005859375000
-0.01698135770857334136962890625000
-0.00504671875387430191040039062500
0.04359052330255508422851562500000
0.03378502279520034790039062500000
0.00262773106805980205535888671875
-0.01248134952038526535034179687500
0.00622227322310209274291992187500
-0.00813131965696811676025390625000
0.00067772710463032126426696777344
0.00679884152486920356750488281250
-0.02562902867794036865234375000000
-0.01459730416536331176757812500000
0.00780140189453959465026855468750
-0.00160727405454963445663452148438
-0.00144982663914561271667480468750
0.01891523972153663635253906250000
0.00600429670885205268859863281250
-0.01262288726866245269775390625000
0.00178653583861887454986572265625
0.03235994651913642883300781250000
-0.00067621312336996197700500488281
0.01421639509499073028564453125000
0.04080994799733161926269531250000
0.00957307219505310058593750000000
-0.02996995113790035247802734375000
0.00407254043966531753540039062500
0.02157533168792724609375000000000
0.01868368871510028839111328125000
0.07690691947937011718750000000000
0.05345639958977699279785156250000
-0.00446952832862734794616699218750
0.00250410195440053939819335937500
0.04774201661348342895507812500000
-0.03022246435284614562988281250000
0.01162426453083753585815429687500
-0.00670061120763421058654785156250
-0.00756445107981562614440917968750
-0.00495114130899310111999511718750
-0.00620139949023723602294921875000
-0.04623636975884437561035156250000
0.03268247842788696289062500000000
0.05551089346408843994140625000000
0.01858047954738140106201171875000
0.01836656220257282257080078125000
0.01755112595856189727783203125000
-0.02032671496272087097167968750000
0.00432680500671267509460449218750
0.00045393320033326745033264160156
0.01971334777772426605224609375000
-0.01010029762983322143554687500000
0.01195726729929447174072265625000
0.09568539261817932128906250000000
0.00902920588850975036621093750000
0.00071831443347036838531494140625
0.00310552609153091907501220703125
0.03303727135062217712402343750000
-0.01711157709360122680664062500000
0.03237896412611007690429687500000
0.07444848120212554931640625000000
0.02101626247167587280273437500000
-0.00097003125119954347610473632812
0.02458168379962444305419921875000
0.00231336662545800209045410156250
0.02243168093264102935791015625000
0.00105252035427838563919067382812
-0.01099246367812156677246093750000
0.02699177339673042297363281250000
-0.04727411270141601562500000000000
-0.00511038256809115409851074218750
0.00239195860922336578369140625000
0.03717159479856491088867187500000
0.01827690936625003814697265625000
0.00463485438376665115356445312500
-0.00217182841151952743530273437500
0.03983158245682716369628906250000
0.01919823139905929565429687500000
0.00819202978163957595825195312500
0.04814159497618675231933593750000
0.00436948705464601516723632812500
-0.00795353297144174575805664062500
-0.00974855944514274597167968750000
0.00252884533256292343139648437500
-0.00327836745418608188629150390625
0.06162926554679870605468750000000
-0.00039602781180292367935180664062
0.02076021395623683929443359375000
0.04040235280990600585937500000000
-0.00003892535096383653581142425537
0.00743436720222234725952148437500
0.04305168986320495605468750000000
-0.01181908417493104934692382812500
-0.01468788180500268936157226562500
-0.00865579396486282348632812500000
0.01094642654061317443847656250000
0.01159614231437444686889648437500
0.02357839979231357574462890625000
-0.00124539923854172229766845703125
0.01439504511654376983642578125000
0.01132384222000837326049804687500
-0.02936827950179576873779296875000
-0.06045741215348243713378906250000
-0.04886410012841224670410156250000
-0.02860942669212818145751953125000
-0.00948580075055360794067382812500
-0.01198494248092174530029296875000
-0.00958136748522520065307617187500
0.01523953117430210113525390625000
-0.01095171459019184112548828125000
-0.00433369213715195655822753906250
-0.00294174556620419025421142578125
0.00316507928073406219482421875000
0.00276186317205429077148437500000
0.01769997738301753997802734375000
0.00225046463310718536376953125000
0.01315857935696840286254882812500
0.04225416108965873718261718750000
-0.02370861731469631195068359375000
-0.00389056932181119918823242187500
0.02152174152433872222900390625000
0.00115555513184517621994018554688
-0.02168169058859348297119140625000
0.01760402694344520568847656250000
-0.00222648750059306621551513671875
0.00938148517161607742309570312500
0.01971000805497169494628906250000
0.06963585317134857177734375000000
0.01582758873701095581054687500000
0.00190540973562747240066528320312
0.00928037427365779876708984375000
-0.00098560785409063100814819335938
0.01240336988121271133422851562500
0.02230104617774486541748046875000
-0.00352389225736260414123535156250
0.05978670716285705566406250000000
-0.02116120792925357818603515625000
0.02009121514856815338134765625000
0.00094196986174210906028747558594
-0.00237550656311213970184326171875
0.01908587105572223663330078125000
0.00767949828878045082092285156250
0.00366709660738706588745117187500
-0.00387142226099967956542968750000
-0.01858378760516643524169921875000
0.02144884504377841949462890625000
-0.01254803780466318130493164062500
-0.00802527647465467453002929687500
-0.00691790645942091941833496093750
-0.02839646115899085998535156250000
0.02540696412324905395507812500000
-0.00269027240574359893798828125000
-0.03171448782086372375488281250000
0.01810635812580585479736328125000
-0.01955854333937168121337890625000
-0.01281425356864929199218750000000
-0.01523774210363626480102539062500
0.03484490513801574707031250000000
0.02721239067614078521728515625000
0.03622643277049064636230468750000
0.03306310996413230895996093750000
0.03608167171478271484375000000000
0.00110774743370711803436279296875
0.00277383020147681236267089843750
0.00510633364319801330566406250000
