0.06687672436237335205078125000000
0.17030970752239227294921875000000
0.10275307297706604003906250000000
-0.02886827103793621063232421875000
-0.05835235118865966796875000000000
0.13897535204887390136718750000000
-0.04496337100863456726074218750000
0.00796776916831731796264648437500
-0.01784691028296947479248046875000
0.03690347820520401000976562500000
-0.00754454499110579490661621093750
0.12897628545761108398437500000000
0.17067566514015197753906250000000
-0.05368801578879356384277343750000
0.11686219274997711181640625000000
-0.03421485424041748046875000000000
0.07627593725919723510742187500000
0.05727507546544075012207031250000
0.08997219800949096679687500000000
0.23158030211925506591796875000000
0.18004401028156280517578125000000
0.17459440231323242187500000000000
-0.11997665464878082275390625000000
0.06501784175634384155273437500000
0.14785894751548767089843750000000
0.13577295839786529541015625000000
0.14921675622463226318359375000000
0.10993385314941406250000000000000
-0.03541347756981849670410156250000
0.02079073153436183929443359375000
-0.00672213314101099967956542968750
0.11798546463251113891601562500000
0.06771398335695266723632812500000
0.01731779612600803375244140625000
0.09002964198589324951171875000000
0.05935073271393775939941406250000
0.00893806107342243194580078125000
-0.02553112804889678955078125000000
0.05670664459466934204101562500000
0.02223967574536800384521484375000
-0.10631363093852996826171875000000
0.14613899588584899902343750000000
0.08040016889572143554687500000000
0.06052358821034431457519531250000
-0.14665721356868743896484375000000
0.13872414827346801757812500000000
0.01721881516277790069580078125000
-0.02252817153930664062500000000000
-0.11720368266105651855468750000000
-0.03384921327233314514160156250000
0.11239416152238845825195312500000
0.03499511256814002990722656250000
-0.10603637248277664184570312500000
0.13525982201099395751953125000000
-0.13269582390785217285156250000000
0.12713186442852020263671875000000
-0.04397142305970191955566406250000
0.15785738825798034667968750000000
0.05721604451537132263183593750000
0.05933088436722755432128906250000
0.15351551771163940429687500000000
0.20890647172927856445312500000000
0.02217837609350681304931640625000
-0.15236160159111022949218750000000
0.13489000499248504638671875000000
-0.10170786082744598388671875000000
0.12840633094310760498046875000000
-0.07964985817670822143554687500000
0.02856408245861530303955078125000
0.07889951020479202270507812500000
0.01938808895647525787353515625000
0.04007668048143386840820312500000
-0.12609572708606719970703125000000
0.13160201907157897949218750000000
0.04158799350261688232421875000000
-0.01438543014228343963623046875000
-0.00618478655815124511718750000000
-0.00998411141335964202880859375000
0.04714746400713920593261718750000
0.19938746094703674316406250000000
-0.16595099866390228271484375000000
-0.16062355041503906250000000000000
0.03318058699369430541992187500000
0.03714252635836601257324218750000
0.07103601843118667602539062500000
0.01322490442544221878051757812500
-0.07920872420072555541992187500000
-0.06532380729913711547851562500000
-0.02451263740658760070800781250000
0.15985290706157684326171875000000
0.02047972567379474639892578125000
-0.03318390622735023498535156250000
-0.04482749849557876586914062500000
-0.06760635972023010253906250000000
0.10628769546747207641601562500000
0.09557747095823287963867187500000
-0.08283381164073944091796875000000
-0.03904822096228599548339843750000
0.03654453530907630920410156250000
0.07913010567426681518554687500000
0.03786008059978485107421875000000
-0.06428995728492736816406250000000
0.08971180021762847900390625000000
-0.08936230093240737915039062500000
0.10741529613733291625976562500000
0.22171124815940856933593750000000
0.04918679967522621154785156250000
0.09008841961622238159179687500000
0.14777678251266479492187500000000
-0.16773556172847747802734375000000
0.00285454676486551761627197265625
0.03677114471793174743652343750000
-0.12284024804830551147460937500000
-0.07785283029079437255859375000000
0.09064736217260360717773437500000
-0.09172257035970687866210937500000
-0.09516639262437820434570312500000
-0.01298011187463998794555664062500
-0.02727137878537178039550781250000
-0.16163469851016998291015625000000
0.03092914633452892303466796875000
0.04604551941156387329101562500000
-0.06199118122458457946777343750000
-0.08861572295427322387695312500000
-0.14481323957443237304687500000000
0.06833504140377044677734375000000
0.08911797404289245605468750000000
-0.04686661064624786376953125000000
-0.04517089948058128356933593750000
0.14143544435501098632812500000000
-0.05955059453845024108886718750000
-0.11753170937299728393554687500000
0.00220972695387899875640869140625
0.09256794303655624389648437500000
0.13546270132064819335937500000000
-0.01990818791091442108154296875000
-0.06311979144811630249023437500000
0.15726964175701141357421875000000
0.02681854367256164550781250000000
0.01076664961874485015869140625000
-0.04861130565404891967773437500000
-0.00286664930172264575958251953125
0.08759971708059310913085937500000
0.03455443680286407470703125000000
0.10110877454280853271484375000000
0.07508736103773117065429687500000
0.13525786995887756347656250000000
0.12942662835121154785156250000000
-0.14096595346927642822265625000000
0.09849763661623001098632812500000
0.06663480401039123535156250000000
0.03919740021228790283203125000000
-0.02592898905277252197265625000000
0.02095250040292739868164062500000
-0.00839132070541381835937500000000
-0.13128766417503356933593750000000
0.00289963511750102043151855468750
-0.07169597595930099487304687500000
-0.00178529904223978519439697265625
-0.15737278759479522705078125000000
0.04346447065472602844238281250000
0.03125204518437385559082031250000
0.14496158063411712646484375000000
0.07079378515481948852539062500000
0.19461341202259063720703125000000
0.17579968273639678955078125000000
0.13807959854602813720703125000000
0.18526296317577362060546875000000
-0.04228256270289421081542968750000
0.15687339007854461669921875000000
0.19215430319309234619140625000000
-0.13322368264198303222656250000000
-0.06728582829236984252929687500000
0.12098466604948043823242187500000
0.11905213445425033569335937500000
0.02951899729669094085693359375000
0.10670411586761474609375000000000
-0.05128266662359237670898437500000
0.02343581989407539367675781250000
0.13991712033748626708984375000000
-0.01323982700705528259277343750000
-0.08360537886619567871093750000000
-0.21102501451969146728515625000000
-0.08646585792303085327148437500000
0.04416588321328163146972656250000
0.21556140482425689697265625000000
-0.02563014626502990722656250000000
0.00205675512552261352539062500000
0.07560413330793380737304687500000
0.12505556643009185791015625000000
0.01361909043043851852416992187500
0.09069292992353439331054687500000
-0.02526824176311492919921875000000
-0.02695786021649837493896484375000
-0.07126843929290771484375000000000
0.12206465750932693481445312500000
0.17946782708168029785156250000000
-0.04011622071266174316406250000000
0.05918864905834197998046875000000
0.01726466044783592224121093750000
-0.04374676570296287536621093750000
-0.04753194004297256469726562500000
-0.10945525765419006347656250000000
-0.07352282851934432983398437500000
0.00519287073984742164611816406250
0.16994892060756683349609375000000
0.07702064514160156250000000000000
-0.17301854491233825683593750000000
0.12209251523017883300781250000000
0.17842505872249603271484375000000
-0.06416717916727066040039062500000
-0.01593994721770286560058593750000
-0.04349739477038383483886718750000
-0.06664615869522094726562500000000
0.10420653969049453735351562500000
0.11932808905839920043945312500000
0.11445616930723190307617187500000
-0.04122679308056831359863281250000
-0.15897597372531890869140625000000
-0.05244048312306404113769531250000
0.09962072968482971191406250000000
-0.01729898713529109954833984375000
0.06518743187189102172851562500000
-0.10093884915113449096679687500000
0.04452029615640640258789062500000
-0.04688926413655281066894531250000
0.18475763499736785888671875000000
0.09757382422685623168945312500000
-0.01961026899516582489013671875000
0.06168361753225326538085937500000
0.16320604085922241210937500000000
-0.11844938248395919799804687500000
0.15543720126152038574218750000000
-0.03837296739220619201660156250000
0.28623616695404052734375000000000
0.23802302777767181396484375000000
0.12434025853872299194335937500000
0.17332513630390167236328125000000
0.10853932052850723266601562500000
0.03909409418702125549316406250000
-0.10237751156091690063476562500000
0.14325617253780364990234375000000
0.27353075146675109863281250000000
-0.10246346145868301391601562500000
-0.21086534857749938964843750000000
-0.08722958713769912719726562500000
-0.08260046690702438354492187500000
-0.01897817663848400115966796875000
-0.00865165702998638153076171875000
0.24841529130935668945312500000000
0.12353734672069549560546875000000
0.25469660758972167968750000000000
0.11322860419750213623046875000000
0.10944075882434844970703125000000
0.01746854372322559356689453125000
-0.07656279206275939941406250000000
-0.09075074642896652221679687500000
0.00452912505716085433959960937500
-0.03201435506343841552734375000000
-0.02598057128489017486572265625000
0.02346126362681388854980468750000
-0.00866033323109149932861328125000
0.02692317590117454528808593750000
0.06182464584708213806152343750000
0.10079614073038101196289062500000
-0.07308834791183471679687500000000
-0.09053289145231246948242187500000
-0.06488750874996185302734375000000
-0.03561770543456077575683593750000
0.01021530199795961380004882812500
0.05393342301249504089355468750000
0.05917030945420265197753906250000
-0.01660372503101825714111328125000
0.07799314707517623901367187500000
-0.03667503595352172851562500000000
0.14120084047317504882812500000000
0.05316157639026641845703125000000
-0.08530684560537338256835937500000
0.07277408242225646972656250000000
0.00828343722969293594360351562500
-0.00825959350913763046264648437500
-0.20552764832973480224609375000000
-0.06953020393848419189453125000000
-0.19528754055500030517578125000000
-0.10225591063499450683593750000000
-0.08481206744909286499023437500000
-0.06679365783929824829101562500000
-0.14268670976161956787109375000000
0.08343382179737091064453125000000
-0.00916952174156904220581054687500
0.13644202053546905517578125000000
-0.10689398646354675292968750000000
0.01339758373796939849853515625000
0.02034252882003784179687500000000
0.07975027710199356079101562500000
-0.01998684927821159362792968750000
-0.14818371832370758056640625000000
0.01352211181074380874633789062500
-0.08446886390447616577148437500000
0.09576261788606643676757812500000
0.05127128958702087402343750000000
-0.04444543272256851196289062500000
-0.02382726967334747314453125000000
0.17807273566722869873046875000000
-0.03096242435276508331298828125000
0.16347359120845794677734375000000
0.18373115360736846923828125000000
0.11070883274078369140625000000000
0.23415772616863250732421875000000
0.16287808120250701904296875000000
0.08741370588541030883789062500000
0.20446920394897460937500000000000
0.19176982343196868896484375000000
0.19716574251651763916015625000000
0.05483104661107063293457031250000
-0.05430749431252479553222656250000
-0.09415099769830703735351562500000
-0.12291157245635986328125000000000
-0.08588704466819763183593750000000
-0.05258533358573913574218750000000
-0.11962658166885375976562500000000
0.02030199393630027770996093750000
-0.05693219602108001708984375000000
-0.09143123030662536621093750000000
-0.06754100322723388671875000000000
0.01004606205970048904418945312500
0.13257838785648345947265625000000
0.02102204412221908569335937500000
-0.01938451081514358520507812500000
0.12434826791286468505859375000000
0.19620169699192047119140625000000
-0.02197073772549629211425781250000
-0.02707527577877044677734375000000
-0.13530614972114562988281250000000
0.10638795047998428344726562500000
-0.06146392598748207092285156250000
0.02881558425724506378173828125000
-0.13140483200550079345703125000000
0.03632433339953422546386718750000
0.04548851028084754943847656250000
0.14302098751068115234375000000000
0.11258710920810699462890625000000
-0.14658468961715698242187500000000
0.17943510413169860839843750000000
0.14296492934226989746093750000000
0.07942312210798263549804687500000
0.02593744732439517974853515625000
0.10149877518415451049804687500000
0.10792816430330276489257812500000
-0.00057684828061610460281372070312
0.13120023906230926513671875000000
-0.00302563235163688659667968750000
-0.12213584035634994506835937500000
0.04196197167038917541503906250000
-0.05718294158577919006347656250000
0.00661665527150034904479980468750
-0.06791512668132781982421875000000
0.10780021548271179199218750000000
-0.00787851586937904357910156250000
-0.05712443590164184570312500000000
-0.07280967384576797485351562500000
0.08432302623987197875976562500000
0.02915958128869533538818359375000
0.06851101666688919067382812500000
-0.09431070089340209960937500000000
-0.05736450478434562683105468750000
0.05441922694444656372070312500000
-0.07507049292325973510742187500000
-0.05110134556889533996582031250000
0.02464470081031322479248046875000
-0.09338403493165969848632812500000
0.04607486352324485778808593750000
-0.15648533403873443603515625000000
0.20989020168781280517578125000000
0.01835383474826812744140625000000
0.10785345733165740966796875000000
-0.06603102385997772216796875000000
-0.01822458952665328979492187500000
-0.07722686976194381713867187500000
0.03136780112981796264648437500000
0.01266285590827465057373046875000
0.01772281713783740997314453125000
0.06467738002538681030273437500000
-0.07151158899068832397460937500000
0.01216286607086658477783203125000
0.00174383551348000764846801757812
0.04277411103248596191406250000000
0.11434809863567352294921875000000
0.04876461252570152282714843750000
-0.02688343077898025512695312500000
-0.02598990872502326965332031250000
0.01841318793594837188720703125000
0.08419227600097656250000000000000
-0.03225990384817123413085937500000
-0.15865325927734375000000000000000
0.00859611015766859054565429687500
0.00642841821536421775817871093750
0.01343345921486616134643554687500
0.07839743047952651977539062500000
0.10725794732570648193359375000000
-0.01621339470148086547851562500000
0.08960320055484771728515625000000
-0.01350739877671003341674804687500
0.11945500969886779785156250000000
0.14336118102073669433593750000000
-0.06708515435457229614257812500000
-0.11565200239419937133789062500000
0.14315116405487060546875000000000
0.05366806313395500183105468750000
0.03550611063838005065917968750000
-0.00970421265810728073120117187500
0.01038951240479946136474609375000
0.17394770681858062744140625000000
0.16497786343097686767578125000000
-0.00205089547671377658843994140625
0.06696599721908569335937500000000
-0.00316972821019589900970458984375
-0.21369974315166473388671875000000
0.01512371748685836791992187500000
-0.00103039422538131475448608398438
-0.02295450866222381591796875000000
0.04048327356576919555664062500000
-0.18202526867389678955078125000000
0.18191534280776977539062500000000
0.12395997345447540283203125000000
0.16630347073078155517578125000000
0.13569150865077972412109375000000
0.05420497059822082519531250000000
0.14390715956687927246093750000000
0.18537215888500213623046875000000
0.01480004936456680297851562500000
0.03377667441964149475097656250000
0.13059419393539428710937500000000
0.04857276007533073425292968750000
0.01629807613790035247802734375000
0.12025230377912521362304687500000
-0.00915740802884101867675781250000
-0.00427214428782463073730468750000
0.11592505127191543579101562500000
0.03927270695567131042480468750000
0.09519684314727783203125000000000
0.06304429471492767333984375000000
0.07145785540342330932617187500000
0.05382309854030609130859375000000
0.15535928308963775634765625000000
0.01165300980210304260253906250000
0.08323545753955841064453125000000
0.00005935155058978125452995300293
-0.00390843488276004791259765625000
0.01306559517979621887207031250000
0.13967598974704742431640625000000
0.03173168748617172241210937500000
-0.01845681667327880859375000000000
-0.06916223466396331787109375000000
0.19821366667747497558593750000000
0.00887513160705566406250000000000
-0.08894825726747512817382812500000
0.14980989694595336914062500000000
0.03388042002916336059570312500000
-0.29054895043373107910156250000000
-0.17180570960044860839843750000000
-0.06163458526134490966796875000000
-0.09385688602924346923828125000000
0.13676892220973968505859375000000
0.04432070627808570861816406250000
0.08285827934741973876953125000000
0.10947241634130477905273437500000
0.16670309007167816162109375000000
-0.10036498308181762695312500000000
-0.00455566449090838432312011718750
-0.10891411453485488891601562500000
-0.11849939078092575073242187500000
0.06735629588365554809570312500000
0.03265091776847839355468750000000
-0.07360018789768218994140625000000
-0.02489611133933067321777343750000
0.11486055701971054077148437500000
0.19034713506698608398437500000000
-0.06786775588989257812500000000000
0.07578775286674499511718750000000
-0.03836245462298393249511718750000
0.03741868212819099426269531250000
-0.04683534801006317138671875000000
-0.02743165194988250732421875000000
0.06045049428939819335937500000000
-0.05155289173126220703125000000000
0.05676895007491111755371093750000
-0.08202474564313888549804687500000
0.03114194795489311218261718750000
-0.05998000502586364746093750000000
-0.00061406911117956042289733886719
-0.05608230829238891601562500000000
0.17394080758094787597656250000000
-0.02305530197918415069580078125000
-0.05378536507487297058105468750000
-0.07320553064346313476562500000000
-0.14713573455810546875000000000000
0.10695642232894897460937500000000
-0.03826620429754257202148437500000
0.10322087258100509643554687500000
-0.05417698621749877929687500000000
0.02583941444754600524902343750000
0.11964511126279830932617187500000
0.17582125961780548095703125000000
0.01053656730800867080688476562500
-0.11132014542818069458007812500000
-0.08694560825824737548828125000000
-0.12347261607646942138671875000000
-0.06332088261842727661132812500000
-0.02521574310958385467529296875000
0.14303387701511383056640625000000
-0.12194533646106719970703125000000
0.09352333843708038330078125000000
-0.00949092488735914230346679687500
0.02609365433454513549804687500000
-0.03047261387109756469726562500000
0.00448949960991740226745605468750
-0.08305899053812026977539062500000
0.04446969926357269287109375000000
-0.00939948391169309616088867187500
-0.07244409620761871337890625000000
-0.10533516854047775268554687500000
0.00827986001968383789062500000000
0.10025161504745483398437500000000
-0.00911951903253793716430664062500
0.00835386104881763458251953125000
-0.03848581388592720031738281250000
0.13481096923351287841796875000000
0.04553503170609474182128906250000
-0.07052005827426910400390625000000
0.16221673786640167236328125000000
0.05982595309615135192871093750000
-0.19486249983310699462890625000000
-0.09792593866586685180664062500000
0.14601628482341766357421875000000
0.01470323000103235244750976562500
-0.02516636252403259277343750000000
0.23574438691139221191406250000000
0.04960322752594947814941406250000
-0.04753280431032180786132812500000
0.01189271733164787292480468750000
-0.11389823257923126220703125000000
0.02236085385084152221679687500000
0.08795930445194244384765625000000
0.13802623748779296875000000000000
0.03046159259974956512451171875000
-0.10890106111764907836914062500000
0.03912463039159774780273437500000
-0.03180316463112831115722656250000
-0.04557727649807929992675781250000
0.21422146260738372802734375000000
0.03051722608506679534912109375000
0.01139248348772525787353515625000
-0.11038306355476379394531250000000
-0.10842157155275344848632812500000
0.05645566061139106750488281250000
0.03968489170074462890625000000000
-0.06173799932003021240234375000000
-0.10175829380750656127929687500000
0.07159250229597091674804687500000
-0.19024530053138732910156250000000
-0.15041986107826232910156250000000
0.15903788805007934570312500000000
-0.05098163709044456481933593750000
-0.01570834033191204071044921875000
-0.12211972475051879882812500000000
0.10093740373849868774414062500000
0.04919253662228584289550781250000
-0.08907491713762283325195312500000
0.02245018631219863891601562500000
0.10837879776954650878906250000000
0.02189665660262107849121093750000
0.01147435232996940612792968750000
0.04402418434619903564453125000000
0.04329792782664299011230468750000
-0.03615824133157730102539062500000
-0.00296139484271407127380371093750
0.12113036215305328369140625000000
-0.06329544633626937866210937500000
-0.06924836337566375732421875000000
0.13609711825847625732421875000000
0.09068749099969863891601562500000
0.19089101254940032958984375000000
0.02260528132319450378417968750000
-0.09448762983083724975585937500000
-0.11655774712562561035156250000000
0.08650740236043930053710937500000
0.04100710526108741760253906250000
-0.05386377871036529541015625000000
0.02058326080441474914550781250000
0.03961827978491783142089843750000
-0.03457780182361602783203125000000
-0.04700653627514839172363281250000
-0.13632076978683471679687500000000
-0.10314066708087921142578125000000
0.28137204051017761230468750000000
0.00960236880928277969360351562500
0.03181543573737144470214843750000
-0.02046702243387699127197265625000
0.02887859754264354705810546875000
0.15512779355049133300781250000000
0.26571938395500183105468750000000
-0.00009190912533085793256759643555
-0.07268275320529937744140625000000
0.02077590487897396087646484375000
-0.04216067120432853698730468750000
0.07059932500123977661132812500000
-0.03439221903681755065917968750000
0.06489651650190353393554687500000
0.12762209773063659667968750000000
0.11067275702953338623046875000000
-0.02588814496994018554687500000000
0.16898053884506225585937500000000
0.14153078198432922363281250000000
0.16959859430789947509765625000000
0.03787510842084884643554687500000
0.16189259290695190429687500000000
-0.09651014208793640136718750000000
0.08731725066900253295898437500000
-0.09492888301610946655273437500000
-0.06050756201148033142089843750000
0.05657792836427688598632812500000
0.07051756978034973144531250000000
0.08663407713174819946289062500000
0.05700032413005828857421875000000
0.12845341861248016357421875000000
0.05470896884799003601074218750000
0.12768776714801788330078125000000
0.13552482426166534423828125000000
0.01357270311564207077026367187500
0.09225299209356307983398437500000
-0.13727860152721405029296875000000
0.05405575037002563476562500000000
0.02161011286079883575439453125000
-0.03949668630957603454589843750000
-0.02593275159597396850585937500000
-0.11040161550045013427734375000000
0.09824931621551513671875000000000
0.14671038091182708740234375000000
0.09135666489601135253906250000000
0.05391603335738182067871093750000
-0.13728164136409759521484375000000
0.16995869576930999755859375000000
0.11151988059282302856445312500000
-0.03631463646888732910156250000000
-0.08990650624036788940429687500000
0.08680587261915206909179687500000
0.01440634019672870635986328125000
-0.11297978460788726806640625000000
0.08132236450910568237304687500000
0.05490838363766670227050781250000
0.16756413877010345458984375000000
0.07835662364959716796875000000000
-0.02631036378443241119384765625000
-0.09225883334875106811523437500000
-0.11469843983650207519531250000000
-0.02340598776936531066894531250000
0.04585492238402366638183593750000
0.04729760438203811645507812500000
0.08722267299890518188476562500000
0.19241818785667419433593750000000
0.17223611474037170410156250000000
0.07236026227474212646484375000000
0.04410698264837265014648437500000
-0.05223835259675979614257812500000
0.04723912477493286132812500000000
0.08516432344913482666015625000000
0.12500828504562377929687500000000
0.01713373325765132904052734375000
-0.01732909679412841796875000000000
0.19454866647720336914062500000000
0.07926809787750244140625000000000
-0.13200604915618896484375000000000
0.21233053505420684814453125000000
0.22351688146591186523437500000000
-0.00517342146486043930053710937500
-0.07585963606834411621093750000000
-0.00045443337876349687576293945312
0.01727439276874065399169921875000
0.07504110038280487060546875000000
-0.05960464477539062500000000000000
-0.05482026562094688415527343750000
-0.08007147163152694702148437500000
0.06643292307853698730468750000000
0.05795698612928390502929687500000
0.17389862239360809326171875000000
0.02607757598161697387695312500000
-0.14309635758399963378906250000000
0.01473977230489253997802734375000
-0.00277798552997410297393798828125
-0.20286703109741210937500000000000
-0.06203549727797508239746093750000
-0.02592894434928894042968750000000
0.08164071291685104370117187500000
-0.15264621376991271972656250000000
0.00863507296890020370483398437500
-0.04473897814750671386718750000000
-0.16430370509624481201171875000000
0.02500632777810096740722656250000
0.03787344694137573242187500000000
0.03270814567804336547851562500000
0.01774314977228641510009765625000
0.00147896516136825084686279296875
-0.06304801255464553833007812500000
0.05460374429821968078613281250000
0.00395631557330489158630371093750
-0.01335074566304683685302734375000
-0.01663651317358016967773437500000
0.00150923850014805793762207031250
0.10050070285797119140625000000000
-0.00573043338954448699951171875000
0.11342419683933258056640625000000
0.06626600027084350585937500000000
-0.00396838923916220664978027343750
0.00912599824368953704833984375000
0.04993749409914016723632812500000
-0.02564018405973911285400390625000
-0.09257676452398300170898437500000
0.15576659142971038818359375000000
-0.03649242594838142395019531250000
-0.09261570125818252563476562500000
-0.01883637160062789916992187500000
-0.11059843003749847412109375000000
0.10838451981544494628906250000000
-0.06950080394744873046875000000000
-0.02274094335734844207763671875000
-0.07667305320501327514648437500000
-0.09772984683513641357421875000000
-0.03828172758221626281738281250000
0.18520125746726989746093750000000
0.07281745225191116333007812500000
0.09002003818750381469726562500000
0.06801408529281616210937500000000
-0.11890665441751480102539062500000
-0.01473237387835979461669921875000
-0.00102792237885296344757080078125
0.05137448012828826904296875000000
-0.04277158901095390319824218750000
0.12169186025857925415039062500000
-0.02548440173268318176269531250000
0.03264516964554786682128906250000
0.09641565382480621337890625000000
-0.07579141110181808471679687500000
0.02931863814592361450195312500000
-0.15196576714515686035156250000000
0.02361960709095001220703125000000
-0.00783210527151823043823242187500
-0.23350578546524047851562500000000
-0.00667033344507217407226562500000
-0.13171292841434478759765625000000
0.21879467368125915527343750000000
-0.01518609654158353805541992187500
-0.12855915725231170654296875000000
0.09056787192821502685546875000000
0.14544267952442169189453125000000
0.16229829192161560058593750000000
0.15882883965969085693359375000000
-0.07172794640064239501953125000000
0.06805323809385299682617187500000
-0.05756686255335807800292968750000
-0.00379789550788700580596923828125
-0.05940191447734832763671875000000
0.11410006135702133178710937500000
-0.04168660938739776611328125000000
0.06722786277532577514648437500000
-0.01592231728136539459228515625000
0.06146570667624473571777343750000
-0.05196610093116760253906250000000
-0.00494701042771339416503906250000
0.19033622741699218750000000000000
-0.09381055086851119995117187500000
-0.00215562782250344753265380859375
-0.05249287933111190795898437500000
0.10850213468074798583984375000000
-0.05013351887464523315429687500000
0.00744399521499872207641601562500
0.10094597935676574707031250000000
-0.07872693240642547607421875000000
0.04739266633987426757812500000000
-0.17999127507209777832031250000000
-0.02484996430575847625732421875000
-0.20187313854694366455078125000000
-0.07045745104551315307617187500000
0.17373873293399810791015625000000
0.11501222848892211914062500000000
0.05222412943840026855468750000000
0.00623516226187348365783691406250
-0.04176707193255424499511718750000
0.04890016838908195495605468750000
-0.02784889191389083862304687500000
0.06508553028106689453125000000000
0.05774374306201934814453125000000
0.05736923217773437500000000000000
0.06047178804874420166015625000000
0.01079063583165407180786132812500
-0.04577410221099853515625000000000
0.24771764874458312988281250000000
-0.07844374328851699829101562500000
-0.06577619910240173339843750000000
-0.02199847809970378875732421875000
0.00252925464883446693420410156250
0.12619294226169586181640625000000
-0.12655201554298400878906250000000
0.05692480877041816711425781250000
-0.01587199233472347259521484375000
-0.04500175639986991882324218750000
0.14583046734333038330078125000000
-0.11912833154201507568359375000000
-0.00095437758136540651321411132812
0.07718804478645324707031250000000
-0.00077752274228259921073913574219
0.12222989648580551147460937500000
-0.04939016327261924743652343750000
0.00290172803215682506561279296875
0.01287813019007444381713867187500
0.12274035811424255371093750000000
-0.04598892107605934143066406250000
0.09722279012203216552734375000000
0.09721960127353668212890625000000
-0.16866707801818847656250000000000
-0.20144322514533996582031250000000
0.01044987328350543975830078125000
0.03094446100294589996337890625000
-0.07605608552694320678710937500000
0.04768722876906394958496093750000
0.04613543301820755004882812500000
0.10554065555334091186523437500000
0.16551788151264190673828125000000
0.01818383671343326568603515625000
-0.18289892375469207763671875000000
-0.20435388386249542236328125000000
0.01207048166543245315551757812500
-0.10603149235248565673828125000000
0.03357845544815063476562500000000
-0.03679687529802322387695312500000
-0.14918775856494903564453125000000
0.02867163158953189849853515625000
0.06835769861936569213867187500000
0.13411270081996917724609375000000
0.04384461045265197753906250000000
-0.02121516503393650054931640625000
0.09515323489904403686523437500000
-0.01925196312367916107177734375000
-0.12393888086080551147460937500000
0.01173294335603713989257812500000
-0.07876065373420715332031250000000
-0.00622554589062929153442382812500
-0.08204992115497589111328125000000
-0.02868567034602165222167968750000
-0.12689907848834991455078125000000
-0.09649573266506195068359375000000
0.02661247551441192626953125000000
-0.05316643789410591125488281250000
0.04182947054505348205566406250000
0.10219628363847732543945312500000
-0.01379545405507087707519531250000
0.10394531488418579101562500000000
-0.07769863307476043701171875000000
0.12305506318807601928710937500000
-0.15336316823959350585937500000000
0.08955527842044830322265625000000
0.09022649377584457397460937500000
0.00957211107015609741210937500000
-0.01403787825256586074829101562500
