0.07692310959100723266601562500000
-0.01631804183125495910644531250000
0.08766504377126693725585937500000
0.03534776717424392700195312500000
-0.01221933029592037200927734375000
-0.06721227616071701049804687500000
-0.01042061671614646911621093750000
0.02187713608145713806152343750000
-0.11951958388090133666992187500000
0.07436399906873703002929687500000
-0.08538867533206939697265625000000
0.01144770439714193344116210937500
0.18192707002162933349609375000000
-0.07440618425607681274414062500000
-0.00041147461161017417907714843750
-0.00436515128239989280700683593750
-0.05731857940554618835449218750000
0.07213047146797180175781250000000
-0.01928537711501121520996093750000
0.05059369280934333801269531250000
-0.02398429252207279205322265625000
-0.00542820617556571960449218750000
-0.00996743608266115188598632812500
0.03896380960941314697265625000000
-0.13422445952892303466796875000000
0.00716265058144927024841308593750
0.06682843714952468872070312500000
-0.03716881573200225830078125000000
0.12294321507215499877929687500000
-0.09376437216997146606445312500000
0.18513734638690948486328125000000
0.09040807187557220458984375000000
-0.02248582430183887481689453125000
0.10451087355613708496093750000000
0.13596720993518829345703125000000
-0.00479606539011001586914062500000
-0.00535558583214879035949707031250
-0.07258340716361999511718750000000
0.00855471286922693252563476562500
0.10502241551876068115234375000000
-0.02638774365186691284179687500000
0.14359195530414581298828125000000
0.14758644998073577880859375000000
0.07532180845737457275390625000000
0.03304328769445419311523437500000
0.02489407546818256378173828125000
0.03184803202748298645019531250000
-0.01576669886708259582519531250000
0.08190219849348068237304687500000
-0.09928179532289505004882812500000
-0.04228465631604194641113281250000
0.02971382252871990203857421875000
0.05711442977190017700195312500000
0.06096417084336280822753906250000
0.02228131145238876342773437500000
0.11458983272314071655273437500000
0.03336092084646224975585937500000
-0.08637566864490509033203125000000
-0.01238505449146032333374023437500
-0.06819744408130645751953125000000
-0.18020266294479370117187500000000
0.13703647255897521972656250000000
0.03703726083040237426757812500000
0.09176639467477798461914062500000
-0.06368023902177810668945312500000
0.03740062192082405090332031250000
-0.01426597312092781066894531250000
-0.08217808604240417480468750000000
0.08019180595874786376953125000000
0.00903399288654327392578125000000
0.10476037114858627319335937500000
-0.09281188994646072387695312500000
0.15338619053363800048828125000000
0.18604861199855804443359375000000
0.05289013683795928955078125000000
0.04750132188200950622558593750000
0.10523119568824768066406250000000
0.05478801205754280090332031250000
-0.06717190891504287719726562500000
0.08431816846132278442382812500000
0.10576252639293670654296875000000
0.02746317908167839050292968750000
0.03075184859335422515869140625000
0.00284880446270108222961425781250
0.08443365991115570068359375000000
-0.01987889781594276428222656250000
0.18828807771205902099609375000000
0.04285885766148567199707031250000
0.12033835798501968383789062500000
-0.08145281672477722167968750000000
0.09085430204868316650390625000000
0.04182724654674530029296875000000
0.15239489078521728515625000000000
0.09287486225366592407226562500000
0.02421606332063674926757812500000
0.07233848422765731811523437500000
0.11477366089820861816406250000000
0.03958467766642570495605468750000
0.05030136182904243469238281250000
0.20416527986526489257812500000000
-0.01179481670260429382324218750000
-0.00954215321689844131469726562500
0.14010947942733764648437500000000
-0.00819149985909461975097656250000
-0.04552422463893890380859375000000
0.09577075392007827758789062500000
0.03211366012692451477050781250000
0.20826278626918792724609375000000
0.15740923583507537841796875000000
0.08611396700143814086914062500000
-0.08543150871992111206054687500000
-0.12781003117561340332031250000000
-0.03005512431263923645019531250000
0.09441746026277542114257812500000
-0.06560952961444854736328125000000
-0.07316315174102783203125000000000
0.03774633258581161499023437500000
0.01354752201586961746215820312500
-0.11244425177574157714843750000000
0.15716482698917388916015625000000
0.13663785159587860107421875000000
0.12414320558309555053710937500000
0.07614942640066146850585937500000
0.11791870743036270141601562500000
0.22628584504127502441406250000000
0.11633086949586868286132812500000
0.00523863034322857856750488281250
-0.04722379520535469055175781250000
0.08799895644187927246093750000000
-0.02848418056964874267578125000000
-0.16867075860500335693359375000000
-0.10751357674598693847656250000000
0.03083978407084941864013671875000
-0.00709904124960303306579589843750
0.23537780344486236572265625000000
-0.01229050196707248687744140625000
0.02661265991628170013427734375000
-0.01836371794342994689941406250000
0.11042996495962142944335937500000
0.01440379209816455841064453125000
0.12009135633707046508789062500000
0.13169378042221069335937500000000
0.06926465779542922973632812500000
0.06073442846536636352539062500000
-0.01335407141596078872680664062500
-0.02495883591473102569580078125000
0.23232242465019226074218750000000
0.00774045009166002273559570312500
0.12298497557640075683593750000000
0.19161938130855560302734375000000
0.02675347775220870971679687500000
0.15091258287429809570312500000000
-0.02269518375396728515625000000000
0.08382876962423324584960937500000
0.00005614608380710706114768981934
0.16840274631977081298828125000000
0.16811849176883697509765625000000
-0.00514987297356128692626953125000
-0.01846664212644100189208984375000
0.07201284915208816528320312500000
-0.02939265407621860504150390625000
0.16187275946140289306640625000000
0.06131931766867637634277343750000
-0.00619298918172717094421386718750
0.11294812709093093872070312500000
-0.01689469255506992340087890625000
0.05912571772933006286621093750000
0.04700216278433799743652343750000
-0.07322748005390167236328125000000
-0.17354820668697357177734375000000
-0.01306615397334098815917968750000
-0.09380363672971725463867187500000
0.01443996373564004898071289062500
0.19868966937065124511718750000000
-0.05893316492438316345214843750000
0.07544681429862976074218750000000
-0.11716337502002716064453125000000
0.09500371664762496948242187500000
0.00089243950787931680679321289062
-0.11902853846549987792968750000000
0.32141479849815368652343750000000
0.24869729578495025634765625000000
0.12932479381561279296875000000000
0.28276088833808898925781250000000
0.14663052558898925781250000000000
0.31557950377464294433593750000000
0.00069265160709619522094726562500
0.01405598782002925872802734375000
0.16551478207111358642578125000000
-0.01803093589842319488525390625000
0.14534884691238403320312500000000
-0.04312760010361671447753906250000
0.08434266597032546997070312500000
0.16040337085723876953125000000000
-0.01551692187786102294921875000000
-0.11904448270797729492187500000000
-0.03348661214113235473632812500000
0.00307630235329270362854003906250
0.07558127492666244506835937500000
0.04717273265123367309570312500000
0.02059732191264629364013671875000
0.18834608793258666992187500000000
0.05912404879927635192871093750000
0.00608353689312934875488281250000
-0.02794785611331462860107421875000
0.15374763309955596923828125000000
0.14368657767772674560546875000000
-0.01370276138186454772949218750000
0.08942843228578567504882812500000
0.11051623523235321044921875000000
-0.03766405954957008361816406250000
-0.06086220219731330871582031250000
0.14107353985309600830078125000000
0.19716641306877136230468750000000
0.19601804018020629882812500000000
0.06384413689374923706054687500000
0.20662461221218109130859375000000
0.22374624013900756835937500000000
0.01623403280973434448242187500000
-0.03853117674589157104492187500000
0.10379845649003982543945312500000
0.11467871069908142089843750000000
-0.00612981012091040611267089843750
0.25088518857955932617187500000000
0.12074644863605499267578125000000
0.02409201301634311676025390625000
-0.01856854557991027832031250000000
0.16365014016628265380859375000000
-0.02499617822468280792236328125000
-0.07419352233409881591796875000000
0.04437435790896415710449218750000
0.13903492689132690429687500000000
0.03006635606288909912109375000000
0.06466230750083923339843750000000
-0.01066883187741041183471679687500
0.04309318959712982177734375000000
-0.17383027076721191406250000000000
-0.00604014890268445014953613281250
0.11705370247364044189453125000000
-0.04817968979477882385253906250000
-0.00627561192959547042846679687500
-0.00895683467388153076171875000000
0.09153882414102554321289062500000
0.03617003932595252990722656250000
-0.08894518762826919555664062500000
0.03589528053998947143554687500000
-0.08049295097589492797851562500000
0.02601991593837738037109375000000
-0.07087930291891098022460937500000
-0.05461737886071205139160156250000
0.12288466840982437133789062500000
0.06928391754627227783203125000000
0.13336211442947387695312500000000
0.08491237461566925048828125000000
0.04322471097111701965332031250000
0.00554177863523364067077636718750
0.03975332528352737426757812500000
0.07423903793096542358398437500000
-0.05127050355076789855957031250000
0.07562015205621719360351562500000
0.00915297307074069976806640625000
0.02807377092540264129638671875000
-0.06561797857284545898437500000000
0.09610147029161453247070312500000
-0.06078734621405601501464843750000
0.01919493079185485839843750000000
0.05131518468260765075683593750000
0.25004568696022033691406250000000
0.22235496342182159423828125000000
-0.01589257828891277313232421875000
0.09577320516109466552734375000000
0.06235055252909660339355468750000
0.18720126152038574218750000000000
0.05390248447656631469726562500000
0.03885395824909210205078125000000
-0.10077272355556488037109375000000
-0.05381324142217636108398437500000
0.20284152030944824218750000000000
0.12992386519908905029296875000000
0.14175856113433837890625000000000
0.14389161765575408935546875000000
0.07221700251102447509765625000000
0.29489460587501525878906250000000
0.12302667647600173950195312500000
0.04067714512348175048828125000000
0.11330681294202804565429687500000
0.22402322292327880859375000000000
0.32394662499427795410156250000000
0.13580469787120819091796875000000
-0.02178210206329822540283203125000
-0.10318566113710403442382812500000
0.22962613403797149658203125000000
-0.26544857025146484375000000000000
0.02216597273945808410644531250000
0.12263169139623641967773437500000
0.03525862097740173339843750000000
0.04119272530078887939453125000000
0.00375997624360024929046630859375
0.16736434400081634521484375000000
-0.11538862437009811401367187500000
0.16726560890674591064453125000000
0.11720403283834457397460937500000
-0.05649011582136154174804687500000
-0.15533620119094848632812500000000
0.15408894419670104980468750000000
0.01678992621600627899169921875000
0.15678679943084716796875000000000
-0.11334994435310363769531250000000
0.05023812130093574523925781250000
0.03708110377192497253417968750000
-0.06566073745489120483398437500000
-0.16143773496150970458984375000000
0.11130191385746002197265625000000
0.00606980174779891967773437500000
0.01389329880475997924804687500000
-0.02789698913693428039550781250000
0.14359088242053985595703125000000
0.11378192901611328125000000000000
0.08952623605728149414062500000000
-0.12276942282915115356445312500000
-0.03784998133778572082519531250000
0.13482971489429473876953125000000
0.12849304080009460449218750000000
0.10646475851535797119140625000000
-0.06068962812423706054687500000000
-0.11460161209106445312500000000000
0.09863761067390441894531250000000
0.15918679535388946533203125000000
0.12464087456464767456054687500000
0.17741437256336212158203125000000
-0.03508827835321426391601562500000
0.02077344246208667755126953125000
-0.09327862411737442016601562500000
0.06062083691358566284179687500000
-0.00276953075081110000610351562500
-0.00423230929300189018249511718750
-0.12076945602893829345703125000000
0.09457256644964218139648437500000
-0.03258609026670455932617187500000
-0.04400905966758728027343750000000
0.12903185188770294189453125000000
0.07768761366605758666992187500000
-0.05305428057909011840820312500000
-0.04194897413253784179687500000000
-0.02783750183880329132080078125000
-0.14700907468795776367187500000000
0.09688099473714828491210937500000
0.06785079091787338256835937500000
0.13181413710117340087890625000000
-0.03376255184412002563476562500000
0.06230662763118743896484375000000
-0.08562046289443969726562500000000
-0.05358122661709785461425781250000
0.09397079050540924072265625000000
0.09137852489948272705078125000000
0.10925213247537612915039062500000
0.01074922084808349609375000000000
0.05250454321503639221191406250000
0.16998614370822906494140625000000
-0.01229058578610420227050781250000
0.18032673001289367675781250000000
-0.13533465564250946044921875000000
-0.06411131471395492553710937500000
0.07535741478204727172851562500000
-0.12794457376003265380859375000000
0.19934339821338653564453125000000
-0.13944140076637268066406250000000
-0.02162016183137893676757812500000
0.03775078430771827697753906250000
0.15110276639461517333984375000000
-0.06862773001194000244140625000000
0.08250989019870758056640625000000
0.04316993802785873413085937500000
0.11668523401021957397460937500000
0.09068751335144042968750000000000
0.01954708248376846313476562500000
-0.08177070319652557373046875000000
-0.02390070632100105285644531250000
-0.13551867008209228515625000000000
-0.10960171371698379516601562500000
0.00283276382833719253540039062500
0.16903364658355712890625000000000
0.07416225969791412353515625000000
0.03929160162806510925292968750000
0.00121089781168848276138305664062
0.05093307420611381530761718750000
-0.03811408206820487976074218750000
0.14041897654533386230468750000000
0.04569468647241592407226562500000
-0.09312759339809417724609375000000
-0.01730722188949584960937500000000
-0.12863881886005401611328125000000
-0.01565513387322425842285156250000
0.11492674797773361206054687500000
-0.01975429989397525787353515625000
-0.01212743017822504043579101562500
0.04759513959288597106933593750000
-0.05472083389759063720703125000000
0.01617541722953319549560546875000
0.10712083429098129272460937500000
0.20300219953060150146484375000000
0.15730990469455718994140625000000
-0.01458521373569965362548828125000
-0.14132858812808990478515625000000
0.01750358007848262786865234375000
0.09577419608831405639648437500000
0.10297252237796783447265625000000
0.11110416799783706665039062500000
-0.01651833206415176391601562500000
0.05276350304484367370605468750000
0.10972097516059875488281250000000
0.04885028675198554992675781250000
-0.07235860079526901245117187500000
0.16247478127479553222656250000000
0.10137098282575607299804687500000
-0.04537590593099594116210937500000
0.10688734799623489379882812500000
0.12742681801319122314453125000000
-0.00056868314277380704879760742188
-0.03177839517593383789062500000000
0.22275947034358978271484375000000
-0.05087166652083396911621093750000
0.09762459248304367065429687500000
-0.03343754634261131286621093750000
0.09166018664836883544921875000000
0.11192464828491210937500000000000
-0.11423616856336593627929687500000
0.22716234624385833740234375000000
0.14709949493408203125000000000000
0.10419219732284545898437500000000
0.22468288242816925048828125000000
-0.05322147533297538757324218750000
-0.08889596164226531982421875000000
-0.04035449400544166564941406250000
0.04327551648020744323730468750000
0.00442162249237298965454101562500
0.11601431667804718017578125000000
-0.09243288636207580566406250000000
-0.04431717470288276672363281250000
0.20545257627964019775390625000000
0.03723824769258499145507812500000
0.21281145513057708740234375000000
-0.09074458479881286621093750000000
0.19480629265308380126953125000000
-0.03445825725793838500976562500000
0.02210679650306701660156250000000
0.06935042142868041992187500000000
0.09893859922885894775390625000000
-0.12723203003406524658203125000000
0.00304788490757346153259277343750
0.09925960004329681396484375000000
-0.05145886912941932678222656250000
-0.35920986533164978027343750000000
0.08404685556888580322265625000000
0.07068531215190887451171875000000
0.15338647365570068359375000000000
-0.15285986661911010742187500000000
0.20896333456039428710937500000000
-0.09680121392011642456054687500000
0.04920698329806327819824218750000
0.03794873133301734924316406250000
-0.04254692047834396362304687500000
0.07528118044137954711914062500000
0.08599202334880828857421875000000
0.12914267182350158691406250000000
-0.01471667923033237457275390625000
0.00507794460281729698181152343750
0.13515432178974151611328125000000
0.08356057852506637573242187500000
0.15375392138957977294921875000000
-0.14181593060493469238281250000000
-0.01778095588088035583496093750000
0.19465357065200805664062500000000
0.07415684312582015991210937500000
0.07031668722629547119140625000000
0.04120062291622161865234375000000
-0.21838009357452392578125000000000
-0.12246637046337127685546875000000
0.00403256621211767196655273437500
0.08415926992893218994140625000000
0.00315707316622138023376464843750
-0.04217343777418136596679687500000
-0.00320370937697589397430419921875
-0.05845057591795921325683593750000
-0.02540684491395950317382812500000
-0.09463331103324890136718750000000
0.33827233314514160156250000000000
0.08928415924310684204101562500000
-0.03127279877662658691406250000000
0.00063307560048997402191162109375
-0.02731326781213283538818359375000
0.09396050125360488891601562500000
0.20744855701923370361328125000000
0.09468029439449310302734375000000
0.10442275553941726684570312500000
-0.04436814785003662109375000000000
-0.02808549441397190093994140625000
-0.16976144909858703613281250000000
0.16884954273700714111328125000000
-0.04725528880953788757324218750000
-0.02903897687792778015136718750000
0.09720234572887420654296875000000
0.20519436895847320556640625000000
-0.01470285747200250625610351562500
0.09161845594644546508789062500000
0.14311654865741729736328125000000
0.02504456974565982818603515625000
0.16276378929615020751953125000000
-0.20630671083927154541015625000000
-0.04039382562041282653808593750000
-0.28582271933555603027343750000000
-0.05183606222271919250488281250000
-0.04574657976627349853515625000000
0.05044455826282501220703125000000
-0.18363046646118164062500000000000
-0.02085344307124614715576171875000
-0.21472217142581939697265625000000
-0.12556394934654235839843750000000
-0.09900080412626266479492187500000
0.16230042278766632080078125000000
-0.02083182707428932189941406250000
-0.09820289164781570434570312500000
0.00275370432063937187194824218750
0.00610876828432083129882812500000
-0.20633974671363830566406250000000
0.00201259786263108253479003906250
0.02281172573566436767578125000000
0.27691558003425598144531250000000
-0.16778278350830078125000000000000
-0.01579546183347702026367187500000
0.14530239999294281005859375000000
0.11478136479854583740234375000000
-0.20621164143085479736328125000000
0.17116022109985351562500000000000
-0.12127881497144699096679687500000
0.34108415246009826660156250000000
-0.05986859649419784545898437500000
0.10845083743333816528320312500000
-0.10617782175540924072265625000000
0.09512989968061447143554687500000
0.10208801180124282836914062500000
-0.02170318551361560821533203125000
-0.07442846149206161499023437500000
-0.05679221823811531066894531250000
-0.07567500323057174682617187500000
0.09000661969184875488281250000000
-0.05557868257164955139160156250000
-0.07122801244258880615234375000000
-0.05226967111229896545410156250000
0.03393089398741722106933593750000
-0.14380981028079986572265625000000
-0.00443869689479470252990722656250
0.09840635955333709716796875000000
-0.11958307772874832153320312500000
0.07386834919452667236328125000000
0.03095955960452556610107421875000
-0.04314166307449340820312500000000
0.18785324692726135253906250000000
0.06274822354316711425781250000000
-0.02912099473178386688232421875000
-0.07579208165407180786132812500000
0.07360258698463439941406250000000
-0.01277564279735088348388671875000
0.13611969351768493652343750000000
0.01642634533345699310302734375000
0.16066673398017883300781250000000
0.05053368210792541503906250000000
0.05991988256573677062988281250000
-0.06590269505977630615234375000000
-0.05430005118250846862792968750000
0.07056542485952377319335937500000
-0.13002169132232666015625000000000
-0.18340687453746795654296875000000
-0.04354323819279670715332031250000
0.15828524529933929443359375000000
0.04100409895181655883789062500000
-0.00492333015426993370056152343750
-0.11008030176162719726562500000000
-0.10559846460819244384765625000000
0.09293822199106216430664062500000
0.24257250130176544189453125000000
-0.00832674093544483184814453125000
-0.05203453451395034790039062500000
-0.04090504348278045654296875000000
0.06359716504812240600585937500000
0.13583137094974517822265625000000
0.04118916764855384826660156250000
-0.02876269817352294921875000000000
-0.09008868038654327392578125000000
0.01207881979644298553466796875000
-0.07065411657094955444335937500000
-0.08326178044080734252929687500000
0.10013853013515472412109375000000
-0.12537467479705810546875000000000
-0.03038836084306240081787109375000
-0.04009895771741867065429687500000
0.10388015955686569213867187500000
-0.03460506349802017211914062500000
0.08330802619457244873046875000000
0.12041011452674865722656250000000
0.03122115880250930786132812500000
0.05703588947653770446777343750000
0.18355919420719146728515625000000
0.05548389256000518798828125000000
0.02589184790849685668945312500000
-0.10438735783100128173828125000000
0.03809177502989768981933593750000
-0.02651827037334442138671875000000
0.12738408148288726806640625000000
0.19821016490459442138671875000000
0.01869283057749271392822265625000
-0.02307429909706115722656250000000
-0.05551551654934883117675781250000
-0.08986945450305938720703125000000
0.08860526978969573974609375000000
-0.06935807317495346069335937500000
0.17251485586166381835937500000000
0.07498933374881744384765625000000
0.07840028405189514160156250000000
-0.00439760461449623107910156250000
0.14520384371280670166015625000000
-0.14393354952335357666015625000000
0.04080717638134956359863281250000
-0.12357825040817260742187500000000
-0.08016841858625411987304687500000
0.13942186534404754638671875000000
0.02609998360276222229003906250000
0.18380270898342132568359375000000
0.07592449337244033813476562500000
0.21467781066894531250000000000000
0.11952160298824310302734375000000
0.11597999930381774902343750000000
0.05101343989372253417968750000000
0.19834396243095397949218750000000
0.10962833464145660400390625000000
-0.10062776505947113037109375000000
0.06821087747812271118164062500000
0.03163870796561241149902343750000
0.13476748764514923095703125000000
-0.09091835469007492065429687500000
0.25127953290939331054687500000000
0.02422865666449069976806640625000
0.17555780708789825439453125000000
0.05309685319662094116210937500000
0.00850072968751192092895507812500
0.04202035069465637207031250000000
0.09882375597953796386718750000000
0.18153001368045806884765625000000
-0.01432821061462163925170898437500
0.12747167050838470458984375000000
-0.12840059399604797363281250000000
0.08411017805337905883789062500000
-0.00311472243629395961761474609375
0.03176970407366752624511718750000
0.18859124183654785156250000000000
-0.01123497448861598968505859375000
-0.07620574533939361572265625000000
-0.04051138088107109069824218750000
0.03254507109522819519042968750000
0.02731733396649360656738281250000
0.05269031226634979248046875000000
-0.03402683883905410766601562500000
-0.06631007045507431030273437500000
0.11936375498771667480468750000000
0.06474544107913970947265625000000
0.07508877664804458618164062500000
-0.04475718364119529724121093750000
0.12915121018886566162109375000000
-0.06645251065492630004882812500000
0.11059780418872833251953125000000
-0.01694753393530845642089843750000
0.05139231309294700622558593750000
0.13264699280261993408203125000000
0.15470351278781890869140625000000
0.00396000780165195465087890625000
0.15003934502601623535156250000000
-0.00128610327374190092086791992188
0.13989123702049255371093750000000
-0.02812977507710456848144531250000
0.11043164879083633422851562500000
0.16420932114124298095703125000000
-0.10184048116207122802734375000000
0.15064814686775207519531250000000
0.16671060025691986083984375000000
0.23188726603984832763671875000000
0.06492260843515396118164062500000
0.07982794195413589477539062500000
0.06371415406465530395507812500000
0.12175096571445465087890625000000
0.06442403048276901245117187500000
0.18656751513481140136718750000000
-0.09783849865198135375976562500000
-0.15188321471214294433593750000000
-0.31070417165756225585937500000000
-0.13577425479888916015625000000000
0.01741263270378112792968750000000
-0.08938346803188323974609375000000
0.03630102798342704772949218750000
0.07568868249654769897460937500000
0.12029860913753509521484375000000
0.00415233150124549865722656250000
-0.01232836674898862838745117187500
-0.12927496433258056640625000000000
0.05921499431133270263671875000000
-0.01727352850139141082763671875000
0.11406192183494567871093750000000
0.00625607790425419807434082031250
0.18975621461868286132812500000000
-0.05456474795937538146972656250000
0.15101216733455657958984375000000
0.06955657899379730224609375000000
0.17565457522869110107421875000000
-0.09657257050275802612304687500000
-0.05764501541852951049804687500000
0.14441214501857757568359375000000
0.00511410972103476524353027343750
0.14938108623027801513671875000000
-0.00496651371940970420837402343750
0.09060183167457580566406250000000
-0.03326385095715522766113281250000
0.12998048961162567138671875000000
0.02576295472681522369384765625000
0.01005785912275314331054687500000
0.11466934531927108764648437500000
0.02227886579930782318115234375000
0.26173228025436401367187500000000
-0.11230428516864776611328125000000
0.01071595773100852966308593750000
0.11380218714475631713867187500000
-0.16945980489253997802734375000000
0.20590408146381378173828125000000
-0.01815907843410968780517578125000
0.05396249890327453613281250000000
0.14897292852401733398437500000000
0.01352880802005529403686523437500
0.06731643527746200561523437500000
0.02695977129042148590087890625000
-0.01838963478803634643554687500000
0.14476476609706878662109375000000
-0.01074492558836936950683593750000
0.03796029463410377502441406250000
-0.08111932873725891113281250000000
-0.15634639561176300048828125000000
-0.06300405412912368774414062500000
-0.09396165609359741210937500000000
-0.08244311809539794921875000000000
0.06660856306552886962890625000000
0.17090851068496704101562500000000
0.08529849350452423095703125000000
-0.06522136926651000976562500000000
0.02008520625531673431396484375000
-0.00421010423451662063598632812500
-0.06506054848432540893554687500000
0.03984758257865905761718750000000
0.05460582301020622253417968750000
0.08838312327861785888671875000000
-0.06699976325035095214843750000000
-0.04975482448935508728027343750000
-0.02306158654391765594482421875000
-0.01209099963307380676269531250000
-0.06963396072387695312500000000000
0.00954282097518444061279296875000
-0.00885820668190717697143554687500
0.07277336716651916503906250000000
-0.10497157275676727294921875000000
0.11656917631626129150390625000000
0.13522453606128692626953125000000
0.23153951764106750488281250000000
-0.18088206648826599121093750000000
0.02381508052349090576171875000000
0.01767699234187602996826171875000
0.14951357245445251464843750000000
0.04001019150018692016601562500000
-0.09048256278038024902343750000000
0.00486800540238618850708007812500
0.15705770254135131835937500000000
-0.15218833088874816894531250000000
-0.14144654572010040283203125000000
0.10528068989515304565429687500000
-0.20356512069702148437500000000000
-0.03768319636583328247070312500000
-0.16322943568229675292968750000000
-0.11709905415773391723632812500000
-0.00121547258459031581878662109375
-0.03651092201471328735351562500000
-0.05106065422296524047851562500000
-0.05157346650958061218261718750000
0.20001149177551269531250000000000
-0.08676254004240036010742187500000
-0.08500839769840240478515625000000
-0.18527829647064208984375000000000
0.15417696535587310791015625000000
0.10534872859716415405273437500000
0.08974416553974151611328125000000
-0.16749522089958190917968750000000
0.04854319244623184204101562500000
-0.05234364047646522521972656250000
0.10306868702173233032226562500000
-0.10160120576620101928710937500000
0.14388853311538696289062500000000
-0.00718050170689821243286132812500
0.13771620392799377441406250000000
0.08813421428203582763671875000000
0.15860037505626678466796875000000
-0.09363453090190887451171875000000
-0.00268042413517832756042480468750
0.15514078736305236816406250000000
0.18540529906749725341796875000000
-0.12723572552204132080078125000000
0.00563916191458702087402343750000
0.15062998235225677490234375000000
0.19472290575504302978515625000000
0.02956456318497657775878906250000
0.10416163504123687744140625000000
0.03790408372879028320312500000000
0.03251169249415397644042968750000
0.12295095622539520263671875000000
-0.12759134173393249511718750000000
-0.03826606273651123046875000000000
-0.23117604851722717285156250000000
0.18319001793861389160156250000000
-0.14737923443317413330078125000000
0.10599014163017272949218750000000
-0.11522357910871505737304687500000
0.09215176105499267578125000000000
0.24343658983707427978515625000000
0.09123725444078445434570312500000
0.01826295442879199981689453125000
0.25341841578483581542968750000000
0.04724072664976119995117187500000
-0.09392634034156799316406250000000
-0.04398123174905776977539062500000
-0.10625606030225753784179687500000
0.12808217108249664306640625000000
-0.13716928660869598388671875000000
-0.00545219378545880317687988281250
-0.20627588033676147460937500000000
-0.01243001222610473632812500000000
-0.08295750617980957031250000000000
0.12788400053977966308593750000000
0.14479438960552215576171875000000
-0.11359748989343643188476562500000
0.17880322039127349853515625000000
-0.17987708747386932373046875000000
-0.11182864755392074584960937500000
0.00208384962752461433410644531250
0.00654599070549011230468750000000
0.05701949447393417358398437500000
0.21939508616924285888671875000000
0.11061255633831024169921875000000
0.10740938782691955566406250000000
0.10065899044275283813476562500000
-0.01922431401908397674560546875000
0.05156364291906356811523437500000
-0.08441079407930374145507812500000
0.18363581597805023193359375000000
-0.01804179511964321136474609375000
-0.16458009183406829833984375000000
0.07133145630359649658203125000000
-0.09416081756353378295898437500000
-0.07733304798603057861328125000000
0.03848434612154960632324218750000
0.17859311401844024658203125000000
-0.04213874787092208862304687500000
0.21292862296104431152343750000000
-0.01052943617105484008789062500000
0.08768794685602188110351562500000
-0.16753719747066497802734375000000
0.01411413028836250305175781250000
-0.00579860107973217964172363281250
0.02163202129304409027099609375000
0.02627961523830890655517578125000
-0.03654009103775024414062500000000
-0.02706884592771530151367187500000
0.06957373768091201782226562500000
-0.10763554275035858154296875000000
-0.00894864089787006378173828125000
0.00416523870080709457397460937500
0.00584539538249373435974121093750
-0.01620349846780300140380859375000
0.15903888642787933349609375000000
0.00384734431281685829162597656250
-0.00277310633100569248199462890625
0.09370412677526473999023437500000
-0.07108017802238464355468750000000
0.06793572008609771728515625000000
0.05528513714671134948730468750000
0.15646903216838836669921875000000
-0.03425933420658111572265625000000
-0.10989565402269363403320312500000
0.11080528050661087036132812500000
-0.01550349406898021697998046875000
0.06208943948149681091308593750000
0.02950457669794559478759765625000
0.09655222296714782714843750000000
-0.12747977674007415771484375000000
0.00594207039102911949157714843750
-0.10675384104251861572265625000000
-0.10250447690486907958984375000000
0.10180198401212692260742187500000
0.05004100501537322998046875000000
0.01293296087533235549926757812500
0.09371101856231689453125000000000
-0.08299426734447479248046875000000
-0.00790063850581645965576171875000
0.11488840728998184204101562500000
-0.09277722239494323730468750000000
-0.05854953825473785400390625000000
0.08080498874187469482421875000000
0.01623426564037799835205078125000
-0.01574500277638435363769531250000
-0.08099776506423950195312500000000
-0.16670751571655273437500000000000
0.01761071570217609405517578125000
0.00358759216032922267913818359375
0.09348492324352264404296875000000
0.12906299531459808349609375000000
-0.00633313553407788276672363281250
0.13102096319198608398437500000000
0.17834903299808502197265625000000
0.09197703003883361816406250000000
0.13338510692119598388671875000000
-0.04058709368109703063964843750000
0.02769929170608520507812500000000
0.21461014449596405029296875000000
0.17654392123222351074218750000000
-0.08803855627775192260742187500000
-0.02596175111830234527587890625000
0.00245997030287981033325195312500
0.21546366810798645019531250000000
-0.19088833034038543701171875000000
-0.01948807016015052795410156250000
-0.01454019546508789062500000000000
-0.10279171913862228393554687500000
-0.08912088721990585327148437500000
-0.02909358590841293334960937500000
-0.10881695896387100219726562500000
0.03226557746529579162597656250000
0.01004644297063350677490234375000
-0.01487815473228693008422851562500
0.03520258888602256774902343750000
0.11674878001213073730468750000000
-0.12471842765808105468750000000000
-0.01600147038698196411132812500000
0.08209104090929031372070312500000
-0.12289819866418838500976562500000
0.13213947415351867675781250000000
0.00142355205025523900985717773438
-0.00208677910268306732177734375000
0.06425911933183670043945312500000
-0.04646500572562217712402343750000
0.19419455528259277343750000000000
-0.05513345822691917419433593750000
0.03666701540350914001464843750000
0.03041546232998371124267578125000
0.03863354772329330444335937500000
-0.02145888283848762512207031250000
0.07355539500713348388671875000000
0.28649017214775085449218750000000
-0.16462458670139312744140625000000
0.04432354494929313659667968750000
-0.05135573074221611022949218750000
0.09091893583536148071289062500000
0.02701102383434772491455078125000
0.04633270576596260070800781250000
-0.05992457643151283264160156250000
0.10834729671478271484375000000000
-0.09928674995899200439453125000000
0.07465339452028274536132812500000
0.18763400614261627197265625000000
0.09521470963954925537109375000000
-0.14953641593456268310546875000000
0.00886601302772760391235351562500
-0.00834570173174142837524414062500
-0.12982416152954101562500000000000
-0.06081571057438850402832031250000
-0.05888969078660011291503906250000
0.11380016803741455078125000000000
0.14277155697345733642578125000000
0.02843824774026870727539062500000
0.19141897559165954589843750000000
0.08907433599233627319335937500000
0.08255506306886672973632812500000
0.12158161401748657226562500000000
-0.06809037178754806518554687500000
0.12542092800140380859375000000000
-0.08096750080585479736328125000000
0.19042143225669860839843750000000
0.01877222768962383270263671875000
-0.15189731121063232421875000000000
-0.00974487978965044021606445312500
0.03907949104905128479003906250000
0.05598436668515205383300781250000
0.24630688130855560302734375000000
-0.08490536361932754516601562500000
0.13749612867832183837890625000000
-0.07732464373111724853515625000000
-0.09996304661035537719726562500000
0.01160282269120216369628906250000
0.16473865509033203125000000000000
-0.00084113702178001403808593750000
0.14275543391704559326171875000000
-0.05122183635830879211425781250000
0.24475584924221038818359375000000
-0.04914136230945587158203125000000
-0.06842663139104843139648437500000
0.11838903278112411499023437500000
0.16590863466262817382812500000000
-0.13520412147045135498046875000000
0.19488255679607391357421875000000
-0.06498482823371887207031250000000
0.26355570554733276367187500000000
0.10156951844692230224609375000000
0.18929247558116912841796875000000
0.14141456782817840576171875000000
-0.11871665716171264648437500000000
0.16931362450122833251953125000000
0.03199959173798561096191406250000
0.01779748499393463134765625000000
0.18649636209011077880859375000000
-0.05528955161571502685546875000000
-0.06098997965455055236816406250000
0.16354928910732269287109375000000
0.00381026486866176128387451171875
0.06893774867057800292968750000000
0.11227339506149291992187500000000
0.04633955284953117370605468750000
0.04050864279270172119140625000000
0.03961171582341194152832031250000
0.04659422114491462707519531250000
0.16655908524990081787109375000000
0.08121554553508758544921875000000
0.01800053007900714874267578125000
-0.06441611796617507934570312500000
0.22141717374324798583984375000000
0.10134802013635635375976562500000
-0.10719970613718032836914062500000
0.09286350011825561523437500000000
0.00978058390319347381591796875000
0.02787801623344421386718750000000
0.06535450369119644165039062500000
-0.04757471755146980285644531250000
0.10601920634508132934570312500000
0.14080846309661865234375000000000
0.01038440503180027008056640625000
-0.05259999632835388183593750000000
0.00227268203161656856536865234375
0.25380986928939819335937500000000
0.26076757907867431640625000000000
0.10437875241041183471679687500000
0.21122100949287414550781250000000
0.06018706411123275756835937500000
0.20236642658710479736328125000000
-0.06434191763401031494140625000000
-0.03461398556828498840332031250000
-0.08160454034805297851562500000000
0.11639661341905593872070312500000
0.11940315365791320800781250000000
0.10197321325540542602539062500000
0.09813590347766876220703125000000
-0.06710789352655410766601562500000
0.05357649922370910644531250000000
0.06589675694704055786132812500000
0.08178164064884185791015625000000
-0.08708560466766357421875000000000
0.05197973549365997314453125000000
0.12552489340305328369140625000000
0.34254884719848632812500000000000
0.05416398122906684875488281250000
0.12017844617366790771484375000000
0.10376531630754470825195312500000
-0.09350611269474029541015625000000
-0.04185441881418228149414062500000
0.01401670090854167938232421875000
-0.04389602690935134887695312500000
0.10652723163366317749023437500000
-0.07185862958431243896484375000000
-0.06107063591480255126953125000000
0.03868379443883895874023437500000
-0.06278112530708312988281250000000
0.06355919688940048217773437500000
0.24725413322448730468750000000000
0.16497324407100677490234375000000
0.02289333753287792205810546875000
0.08949487656354904174804687500000
-0.02759816125035285949707031250000
0.09466323256492614746093750000000
-0.03474747017025947570800781250000
0.00213941652327775955200195312500
0.03412511944770812988281250000000
-0.01172404736280441284179687500000
0.17964817583560943603515625000000
-0.08950751274824142456054687500000
0.02627028152346611022949218750000
0.12403140962123870849609375000000
-0.15553206205368041992187500000000
0.00408786768093705177307128906250
-0.06761313974857330322265625000000
0.08932077139616012573242187500000
0.08170340955257415771484375000000
0.05366709083318710327148437500000
0.00388805661350488662719726562500
0.17899337410926818847656250000000
0.20208375155925750732421875000000
-0.01271935645490884780883789062500
-0.11738912016153335571289062500000
-0.02679180726408958435058593750000
-0.13153468072414398193359375000000
0.10081482678651809692382812500000
-0.00946656987071037292480468750000
-0.11199760437011718750000000000000
0.00144027557689696550369262695312
0.15116722881793975830078125000000
0.03224667534232139587402343750000
0.01941657066345214843750000000000
-0.02198706008493900299072265625000
0.07799069583415985107421875000000
0.09319969266653060913085937500000
0.13772197067737579345703125000000
-0.06048714742064476013183593750000
0.08465863019227981567382812500000
-0.00859105866402387619018554687500
0.12145291268825531005859375000000
-0.01130020525306463241577148437500
-0.12409423291683197021484375000000
-0.09472600370645523071289062500000
0.05804781988263130187988281250000
0.01530930120497941970825195312500
0.15891414880752563476562500000000
0.06277666240930557250976562500000
-0.23363357782363891601562500000000
0.08820889890193939208984375000000
0.02035311795771121978759765625000
0.01808474957942962646484375000000
0.03760209679603576660156250000000
-0.16577279567718505859375000000000
0.12765957415103912353515625000000
-0.14408814907073974609375000000000
-0.04194545373320579528808593750000
0.09904683381319046020507812500000
0.05437494441866874694824218750000
-0.16435511410236358642578125000000
-0.06456699967384338378906250000000
0.24147854745388031005859375000000
0.23537737131118774414062500000000
0.17616194486618041992187500000000
0.10321340709924697875976562500000
-0.09059885889291763305664062500000
-0.21493121981620788574218750000000
-0.00672059459611773490905761718750
0.07194819301366806030273437500000
-0.12072050571441650390625000000000
-0.08862705528736114501953125000000
-0.02460227347910404205322265625000
0.00609912909567356109619140625000
-0.00898589752614498138427734375000
-0.11204642057418823242187500000000
-0.17047740519046783447265625000000
-0.13688409328460693359375000000000
0.09207925945520401000976562500000
0.02561148069798946380615234375000
0.04306855425238609313964843750000
0.01793590560555458068847656250000
0.15837989747524261474609375000000
0.18415822088718414306640625000000
-0.04596195369958877563476562500000
-0.11709293723106384277343750000000
-0.01328265573829412460327148437500
-0.01897161640226840972900390625000
-0.13219767808914184570312500000000
-0.14677529036998748779296875000000
-0.02025163546204566955566406250000
0.04422122240066528320312500000000
0.05579571798443794250488281250000
0.22763800621032714843750000000000
0.08987866342067718505859375000000
0.05411220714449882507324218750000
0.04832369834184646606445312500000
-0.15702466666698455810546875000000
-0.07085306942462921142578125000000
0.06465155631303787231445312500000
-0.07392047345638275146484375000000
-0.15961790084838867187500000000000
0.30669268965721130371093750000000
0.11078775674104690551757812500000
-0.08573770523071289062500000000000
-0.06816929578781127929687500000000
-0.06442152708768844604492187500000
-0.09260461479425430297851562500000
-0.17830483615398406982421875000000
0.04266446828842163085937500000000
0.16369214653968811035156250000000
-0.19912347197532653808593750000000
-0.05645672976970672607421875000000
-0.06478669494390487670898437500000
0.08114550262689590454101562500000
-0.00641821743920445442199707031250
0.15895901620388031005859375000000
0.20991472899913787841796875000000
0.05236308276653289794921875000000
0.09341723471879959106445312500000
-0.06796831637620925903320312500000
0.00770164886489510536193847656250
-0.13376866281032562255859375000000
0.03996986150741577148437500000000
-0.23252967000007629394531250000000
0.07224359363317489624023437500000
-0.09079057723283767700195312500000
-0.01789855957031250000000000000000
0.04234360903501510620117187500000
-0.14468745887279510498046875000000
0.09162879735231399536132812500000
0.10511079430580139160156250000000
-0.03539288416504859924316406250000
-0.09554963558912277221679687500000
0.04668581113219261169433593750000
0.00996626075357198715209960937500
-0.09818623214960098266601562500000
-0.01895749196410179138183593750000
0.04537921771407127380371093750000
-0.11596773564815521240234375000000
0.05877030640840530395507812500000
-0.10563372820615768432617187500000
0.22606787085533142089843750000000
0.00459082564339041709899902343750
-0.03059516288340091705322265625000
0.01555209141224622726440429687500
0.01034843083471059799194335937500
-0.02071542106568813323974609375000
-0.00164633081294596195220947265625
-0.05110132694244384765625000000000
0.20350837707519531250000000000000
-0.24769455194473266601562500000000
-0.24181747436523437500000000000000
0.02796263061463832855224609375000
-0.07057371735572814941406250000000
-0.19706819951534271240234375000000
-0.01291923690587282180786132812500
-0.01318057067692279815673828125000
-0.36835429072380065917968750000000
0.18088226020336151123046875000000
0.18392050266265869140625000000000
-0.06107583269476890563964843750000
-0.02081893198192119598388671875000
0.01213773991912603378295898437500
-0.04839289560914039611816406250000
-0.14577941596508026123046875000000
0.10703639686107635498046875000000
0.04743685200810432434082031250000
-0.06396190077066421508789062500000
-0.08738496899604797363281250000000
0.04720674827694892883300781250000
0.05923382192850112915039062500000
0.19290085136890411376953125000000
0.07523665577173233032226562500000
-0.00231271213851869106292724609375
0.07215797901153564453125000000000
-0.00665523763746023178100585937500
-0.11739215999841690063476562500000
-0.01876997202634811401367187500000
0.00681703817099332809448242187500
-0.12522566318511962890625000000000
-0.02551718614995479583740234375000
-0.01648173108696937561035156250000
0.01529074367135763168334960937500
0.00649409228935837745666503906250
-0.02878345362842082977294921875000
0.21017134189605712890625000000000
0.04239827021956443786621093750000
0.00515702553093433380126953125000
-0.06203361973166465759277343750000
0.00209144712425768375396728515625
-0.01482263021171092987060546875000
0.10855853557586669921875000000000
-0.05312694609165191650390625000000
0.04915183410048484802246093750000
-0.05723487585783004760742187500000
0.03285131603479385375976562500000
0.18125672638416290283203125000000
0.07112996280193328857421875000000
0.20352175831794738769531250000000
0.15857332944869995117187500000000
-0.12226520478725433349609375000000
-0.11154833436012268066406250000000
0.23955139517784118652343750000000
0.00366333732381463050842285156250
-0.04256347566843032836914062500000
-0.01185939088463783264160156250000
0.01606321707367897033691406250000
0.04635126143693923950195312500000
0.11575152724981307983398437500000
0.09884676337242126464843750000000
-0.06026168540120124816894531250000
0.05166931822896003723144531250000
0.00744595192372798919677734375000
-0.00264329137280583381652832031250
0.13583157956600189208984375000000
0.07777119427919387817382812500000
-0.07467755675315856933593750000000
-0.06076794862747192382812500000000
-0.06267914175987243652343750000000
0.04191078245639801025390625000000
0.07507777214050292968750000000000
0.06431573629379272460937500000000
0.04641358926892280578613281250000
-0.00091936520766466856002807617188
-0.00066630123183131217956542968750
0.00277494266629219055175781250000
-0.01686941273510456085205078125000
0.02325779013335704803466796875000
0.16826491057872772216796875000000
-0.04655434936285018920898437500000
0.20636805891990661621093750000000
-0.14001171290874481201171875000000
0.20536625385284423828125000000000
0.11054831743240356445312500000000
-0.07367028295993804931640625000000
0.00952804833650588989257812500000
0.04649387672543525695800781250000
-0.13687023520469665527343750000000
0.05178084969520568847656250000000
0.02607567794620990753173828125000
0.01808209158480167388916015625000
-0.02447008900344371795654296875000
-0.00180010311305522918701171875000
-0.05978608503937721252441406250000
-0.08837410062551498413085937500000
-0.12661208212375640869140625000000
-0.03458800911903381347656250000000
-0.09038113802671432495117187500000
0.10345214605331420898437500000000
0.14851507544517517089843750000000
0.08122691512107849121093750000000
0.13688969612121582031250000000000
-0.04597983509302139282226562500000
0.01326824817806482315063476562500
-0.05435813963413238525390625000000
-0.12093628197908401489257812500000
0.03657609596848487854003906250000
0.01665202714502811431884765625000
-0.03294662386178970336914062500000
-0.04052265360951423645019531250000
0.14776539802551269531250000000000
-0.00623009866103529930114746093750
0.15041312575340270996093750000000
0.12247336655855178833007812500000
0.06739377975463867187500000000000
0.06737887859344482421875000000000
0.08313368260860443115234375000000
0.07363206893205642700195312500000
-0.02235052920877933502197265625000
-0.06260279566049575805664062500000
-0.07336328178644180297851562500000
0.10709215700626373291015625000000
0.16984631121158599853515625000000
0.09360244870185852050781250000000
0.25201734900474548339843750000000
0.12413667887449264526367187500000
0.11554608494043350219726562500000
0.07928933203220367431640625000000
0.25997012853622436523437500000000
-0.13712507486343383789062500000000
0.03153427690267562866210937500000
-0.03053984977304935455322265625000
-0.11110003292560577392578125000000
-0.09878340363502502441406250000000
-0.06149692088365554809570312500000
0.15198118984699249267578125000000
0.15189544856548309326171875000000
0.01385151315480470657348632812500
0.16381525993347167968750000000000
-0.11849530786275863647460937500000
-0.06844905018806457519531250000000
0.16241180896759033203125000000000
0.12102057039737701416015625000000
-0.11796630918979644775390625000000
0.08385837078094482421875000000000
0.05175659433007240295410156250000
-0.13622747361660003662109375000000
-0.12369126081466674804687500000000
0.14288900792598724365234375000000
0.02743257209658622741699218750000
-0.27038678526878356933593750000000
-0.05276895314455032348632812500000
-0.10334255546331405639648437500000
-0.06178744509816169738769531250000
0.07603162527084350585937500000000
-0.03749156370759010314941406250000
0.13753512501716613769531250000000
-0.16257065534591674804687500000000
-0.00880049448460340499877929687500
-0.06598363071680068969726562500000
-0.00319668650627136230468750000000
-0.07203671336174011230468750000000
-0.07647220790386199951171875000000
0.00789466407150030136108398437500
0.04075453057885169982910156250000
0.15771368145942687988281250000000
-0.03860278427600860595703125000000
0.01933504641056060791015625000000
0.06815504282712936401367187500000
0.02179086580872535705566406250000
-0.14230613410472869873046875000000
0.08156725764274597167968750000000
0.03020931780338287353515625000000
-0.04212705045938491821289062500000
0.10791886597871780395507812500000
-0.09461205452680587768554687500000
0.18931169807910919189453125000000
0.06142324581742286682128906250000
0.03341874852776527404785156250000
-0.15462753176689147949218750000000
0.13934198021888732910156250000000
-0.11111691594123840332031250000000
0.05028801411390304565429687500000
0.16326360404491424560546875000000
-0.00086459924932569265365600585938
-0.01591278240084648132324218750000
0.04816167801618576049804687500000
0.11175292730331420898437500000000
0.10454415529966354370117187500000
-0.09107481688261032104492187500000
-0.00315749691799283027648925781250
-0.31956782937049865722656250000000
-0.05437222495675086975097656250000
0.05801997706294059753417968750000
-0.15495111048221588134765625000000
-0.17845658957958221435546875000000
0.03150543197989463806152343750000
-0.14184610545635223388671875000000
0.10908752679824829101562500000000
0.04854140803217887878417968750000
-0.02231046743690967559814453125000
0.08481964468955993652343750000000
0.09149494022130966186523437500000
0.04959996789693832397460937500000
-0.09754911810159683227539062500000
0.08867049962282180786132812500000
-0.15147680044174194335937500000000
0.07448032498359680175781250000000
0.14988231658935546875000000000000
0.17830739915370941162109375000000
0.16242957115173339843750000000000
0.12653239071369171142578125000000
-0.06058781594038009643554687500000
0.09526796638965606689453125000000
0.02155513316392898559570312500000
0.06986730545759201049804687500000
0.19288240373134613037109375000000
0.15842176973819732666015625000000
0.07986722141504287719726562500000
-0.05512963607907295227050781250000
0.13223691284656524658203125000000
0.08637016266584396362304687500000
-0.02366081066429615020751953125000
-0.06696034967899322509765625000000
-0.11976063251495361328125000000000
-0.02449329383671283721923828125000
0.11404062807559967041015625000000
-0.09121333062648773193359375000000
-0.07008110731840133666992187500000
-0.08924803137779235839843750000000
-0.03408686444163322448730468750000
0.07377529889345169067382812500000
-0.08458846062421798706054687500000
0.01742726378142833709716796875000
0.11754892766475677490234375000000
0.14074468612670898437500000000000
0.12045380473136901855468750000000
0.13713903725147247314453125000000
0.06385932117700576782226562500000
0.19790437817573547363281250000000
-0.01536868885159492492675781250000
-0.15722648799419403076171875000000
0.19451272487640380859375000000000
0.17136977612972259521484375000000
0.15216748416423797607421875000000
0.14556114375591278076171875000000
-0.04838643968105316162109375000000
0.11880309879779815673828125000000
0.10550715029239654541015625000000
-0.10081006586551666259765625000000
-0.12986725568771362304687500000000
0.07532668113708496093750000000000
0.09221438318490982055664062500000
-0.07180613279342651367187500000000
-0.00054013537010177969932556152344
-0.09444481879472732543945312500000
0.04742296412587165832519531250000
-0.04004883766174316406250000000000
0.04990920051932334899902343750000
-0.07187793403863906860351562500000
0.04133373871445655822753906250000
0.20290410518646240234375000000000
-0.23936857283115386962890625000000
-0.04135425761342048645019531250000
-0.10891888290643692016601562500000
-0.23553754389286041259765625000000
-0.24669185280799865722656250000000
-0.02912244386970996856689453125000
-0.03837915137410163879394531250000
0.22373759746551513671875000000000
0.02669079415500164031982421875000
0.08574626594781875610351562500000
0.20137581229209899902343750000000
0.23285432159900665283203125000000
-0.13338331878185272216796875000000
0.17055833339691162109375000000000
0.09622246772050857543945312500000
0.13483539223670959472656250000000
0.16092674434185028076171875000000
0.26907938718795776367187500000000
-0.14682692289352416992187500000000
0.13556791841983795166015625000000
0.00538462633267045021057128906250
-0.04021870344877243041992187500000
0.24883270263671875000000000000000
-0.04737303778529167175292968750000
0.02447766996920108795166015625000
-0.14819456636905670166015625000000
0.02949577569961547851562500000000
0.06257054209709167480468750000000
-0.07023399323225021362304687500000
0.05819620564579963684082031250000
-0.16105507314205169677734375000000
-0.14499162137508392333984375000000
-0.06601323187351226806640625000000
-0.16657546162605285644531250000000
-0.16389909386634826660156250000000
0.07153905928134918212890625000000
0.19258552789688110351562500000000
0.05456150323152542114257812500000
-0.02329581603407859802246093750000
0.02906112186610698699951171875000
0.05376213788986206054687500000000
0.01154841668903827667236328125000
-0.20662459731101989746093750000000
0.19886322319507598876953125000000
-0.21623906493186950683593750000000
0.18446801602840423583984375000000
-0.03587030246853828430175781250000
0.04910024628043174743652343750000
0.00700684031471610069274902343750
0.00289129093289375305175781250000
0.05094203725457191467285156250000
0.09188193827867507934570312500000
0.05305930227041244506835937500000
-0.14082646369934082031250000000000
-0.08602759242057800292968750000000
-0.10971657186746597290039062500000
-0.03647146373987197875976562500000
-0.22104257345199584960937500000000
0.13556480407714843750000000000000
0.06165296211838722229003906250000
0.08071573078632354736328125000000
-0.08180244266986846923828125000000
0.17903552949428558349609375000000
-0.08339999616146087646484375000000
-0.07517145574092864990234375000000
-0.00455295387655496597290039062500
0.02943874523043632507324218750000
-0.07286094874143600463867187500000
0.00462802406400442123413085937500
-0.02652541734278202056884765625000
0.18944905698299407958984375000000
0.19877633452415466308593750000000
0.12143530696630477905273437500000
0.20798505842685699462890625000000
-0.06697513163089752197265625000000
-0.02922432869672775268554687500000
0.02357315830886363983154296875000
0.07723017036914825439453125000000
-0.08993069082498550415039062500000
-0.01012173015624284744262695312500
0.36555805802345275878906250000000
-0.02791630476713180541992187500000
0.01125994790345430374145507812500
-0.04856869205832481384277343750000
0.10975702852010726928710937500000
-0.03790923953056335449218750000000
-0.16517855226993560791015625000000
0.12272533774375915527343750000000
0.09746865928173065185546875000000
-0.00471502356231212615966796875000
0.23051452636718750000000000000000
0.01441241521388292312622070312500
-0.07328020781278610229492187500000
-0.04264014959335327148437500000000
-0.12319657951593399047851562500000
-0.27841585874557495117187500000000
-0.15585422515869140625000000000000
-0.11093240976333618164062500000000
0.17707188427448272705078125000000
-0.16952949762344360351562500000000
-0.05092744156718254089355468750000
-0.03719807043671607971191406250000
-0.25940734148025512695312500000000
0.08200009912252426147460937500000
0.01556892041116952896118164062500
0.11327522993087768554687500000000
-0.18568462133407592773437500000000
-0.05741083621978759765625000000000
0.21237944066524505615234375000000
0.09698656201362609863281250000000
-0.12764953076839447021484375000000
0.03768905624747276306152343750000
-0.14780628681182861328125000000000
-0.14126975834369659423828125000000
-0.11783411353826522827148437500000
0.14966794848442077636718750000000
0.32496371865272521972656250000000
-0.22064356505870819091796875000000
0.13309407234191894531250000000000
0.01830020174384117126464843750000
-0.09776466339826583862304687500000
-0.00679515209048986434936523437500
-0.01734653301537036895751953125000
0.11553820967674255371093750000000
-0.14189563691616058349609375000000
-0.08632256835699081420898437500000
-0.12129112333059310913085937500000
0.06894936412572860717773437500000
0.00700119091197848320007324218750
-0.17132334411144256591796875000000
0.11150121688842773437500000000000
0.06838686019182205200195312500000
0.04071196541190147399902343750000
0.25170841813087463378906250000000
-0.09707369655370712280273437500000
0.13423225283622741699218750000000
0.26740810275077819824218750000000
0.18069137632846832275390625000000
-0.08751823753118515014648437500000
-0.16457304358482360839843750000000
-0.04777382314205169677734375000000
0.12910006940364837646484375000000
0.05475424602627754211425781250000
-0.07706062495708465576171875000000
-0.10487932711839675903320312500000
0.11532261222600936889648437500000
0.17761343717575073242187500000000
0.10763242095708847045898437500000
-0.01540233939886093139648437500000
0.13745236396789550781250000000000
-0.02137856185436248779296875000000
0.19642665982246398925781250000000
0.06070731580257415771484375000000
-0.21747501194477081298828125000000
-0.02131064608693122863769531250000
0.12280507385730743408203125000000
0.04691314697265625000000000000000
-0.11232914775609970092773437500000
0.20594364404678344726562500000000
0.12315811216831207275390625000000
-0.11953875422477722167968750000000
0.01431294064968824386596679687500
-0.11539004743099212646484375000000
0.02962987869977951049804687500000
0.03313030302524566650390625000000
0.01098125148564577102661132812500
0.04894243553280830383300781250000
0.02861743979156017303466796875000
0.04174718260765075683593750000000
0.04819705709815025329589843750000
0.22679419815540313720703125000000
0.09513279050588607788085937500000
0.18396662175655364990234375000000
-0.17387308180332183837890625000000
0.05702425912022590637207031250000
-0.00391188543289899826049804687500
-0.10970377177000045776367187500000
-0.09365201741456985473632812500000
0.08121748268604278564453125000000
0.05180875957012176513671875000000
0.18452578783035278320312500000000
0.13921968638896942138671875000000
-0.02822133712470531463623046875000
0.04398787394165992736816406250000
0.09346340596675872802734375000000
-0.06788136810064315795898437500000
-0.13119156658649444580078125000000
-0.02776552736759185791015625000000
-0.05709735676646232604980468750000
0.12232495844364166259765625000000
-0.10386928915977478027343750000000
0.06407250463962554931640625000000
0.01309881918132305145263671875000
0.24747353792190551757812500000000
0.23538871109485626220703125000000
0.01194654311984777450561523437500
0.03774144127964973449707031250000
0.01977715641260147094726562500000
-0.04028828814625740051269531250000
0.09618722647428512573242187500000
-0.05117032304406166076660156250000
-0.11493502557277679443359375000000
0.03792695701122283935546875000000
-0.13142661750316619873046875000000
0.14314310252666473388671875000000
0.16141165792942047119140625000000
0.00555677991360425949096679687500
0.06261926144361495971679687500000
0.02217257581651210784912109375000
0.10971207916736602783203125000000
-0.00757303601130843162536621093750
0.17286488413810729980468750000000
-0.15183612704277038574218750000000
0.09822207689285278320312500000000
0.05315672233700752258300781250000
-0.03057062625885009765625000000000
0.04314495623111724853515625000000
0.07652679085731506347656250000000
0.03895675018429756164550781250000
0.03796912357211112976074218750000
-0.03547051921486854553222656250000
-0.01616073399782180786132812500000
0.05131198838353157043457031250000
0.05413891002535820007324218750000
-0.05105547234416007995605468750000
0.10389067232608795166015625000000
0.04039965942502021789550781250000
0.24575684964656829833984375000000
0.13130569458007812500000000000000
0.15016318857669830322265625000000
0.02542816288769245147705078125000
0.06067856401205062866210937500000
-0.16992972791194915771484375000000
0.01841533184051513671875000000000
-0.14844295382499694824218750000000
0.11107949912548065185546875000000
0.02438865788280963897705078125000
0.18766556680202484130859375000000
-0.07579967379570007324218750000000
0.11178938299417495727539062500000
0.03457174822688102722167968750000
-0.09434719383716583251953125000000
-0.03525467962026596069335937500000
-0.10583064705133438110351562500000
0.14243339002132415771484375000000
0.11112008243799209594726562500000
0.00901994388550519943237304687500
0.10154696553945541381835937500000
-0.01926952600479125976562500000000
0.13322393596172332763671875000000
-0.01967214792966842651367187500000
-0.01106821745634078979492187500000
-0.05256130918860435485839843750000
0.04118290543556213378906250000000
0.06107575073838233947753906250000
0.19155976176261901855468750000000
0.11017182469367980957031250000000
0.00683913333341479301452636718750
0.20943917334079742431640625000000
0.02624456398189067840576171875000
-0.06503113359212875366210937500000
0.07202178239822387695312500000000
0.13027097284793853759765625000000
0.07268878817558288574218750000000
-0.00557853933423757553100585937500
0.20818312466144561767578125000000
-0.03728090971708297729492187500000
0.09824734926223754882812500000000
0.04280772805213928222656250000000
-0.02232461050152778625488281250000
0.12143754214048385620117187500000
0.14472700655460357666015625000000
0.11696526408195495605468750000000
0.07205346971750259399414062500000
-0.04847272485494613647460937500000
-0.05161232501268386840820312500000
0.08772601187229156494140625000000
-0.01509324833750724792480468750000
0.06036697328090667724609375000000
-0.13729132711887359619140625000000
0.06786903738975524902343750000000
0.02249891869723796844482421875000
-0.01167795900255441665649414062500
-0.16183997690677642822265625000000
0.01776039414107799530029296875000
0.09605474770069122314453125000000
-0.07302633672952651977539062500000
0.08148258179426193237304687500000
0.06285469979047775268554687500000
0.18414260447025299072265625000000
0.14905293285846710205078125000000
-0.11325407028198242187500000000000
-0.06737916916608810424804687500000
0.16321389377117156982421875000000
-0.02550743892788887023925781250000
-0.05697930604219436645507812500000
0.03005860745906829833984375000000
-0.14746510982513427734375000000000
0.04039045050740242004394531250000
0.14210082590579986572265625000000
0.11504530161619186401367187500000
0.01540206559002399444580078125000
0.13201351463794708251953125000000
-0.10290660709142684936523437500000
-0.03642497211694717407226562500000
0.06478101015090942382812500000000
0.01168280653655529022216796875000
-0.10036922991275787353515625000000
-0.07824444025754928588867187500000
-0.04525815322995185852050781250000
0.04647833853960037231445312500000
0.10644716769456863403320312500000
0.00896935630589723587036132812500
-0.04394486173987388610839843750000
-0.02294210344552993774414062500000
-0.05919877812266349792480468750000
-0.00567167671397328376770019531250
0.09401117265224456787109375000000
-0.06191871315240859985351562500000
0.14969216287136077880859375000000
0.04068336263298988342285156250000
0.12029632180929183959960937500000
0.17483837902545928955078125000000
0.13217379152774810791015625000000
0.04356226325035095214843750000000
-0.01214138325303792953491210937500
-0.05780164897441864013671875000000
-0.07213053852319717407226562500000
-0.06007669493556022644042968750000
-0.01520008314400911331176757812500
-0.14732453227043151855468750000000
0.16032373905181884765625000000000
-0.00015937368152663111686706542969
0.16925634443759918212890625000000
0.02233808860182762145996093750000
-0.13549859821796417236328125000000
0.16850720345973968505859375000000
0.01141206081956624984741210937500
-0.10324032604694366455078125000000
0.05083789676427841186523437500000
0.08623126149177551269531250000000
-0.17714269459247589111328125000000
0.19358918070793151855468750000000
0.13105915486812591552734375000000
-0.08948662132024765014648437500000
0.11643148958683013916015625000000
0.00184580811765044927597045898438
-0.06504373997449874877929687500000
-0.09581856429576873779296875000000
-0.08045498281717300415039062500000
-0.16390487551689147949218750000000
0.06109050288796424865722656250000
0.14667490124702453613281250000000
-0.04463664442300796508789062500000
0.20753313601016998291015625000000
-0.13889123499393463134765625000000
0.20809486508369445800781250000000
0.02853922173380851745605468750000
0.07715988159179687500000000000000
0.02228467166423797607421875000000
0.05847525224089622497558593750000
0.26067924499511718750000000000000
-0.13573394715785980224609375000000
0.09664975106716156005859375000000
0.14185443520545959472656250000000
0.19941937923431396484375000000000
-0.10170697420835494995117187500000
0.06886911392211914062500000000000
0.04582284018397331237792968750000
-0.19376905262470245361328125000000
0.02714963629841804504394531250000
-0.09025229513645172119140625000000
-0.07001102715730667114257812500000
-0.08141639083623886108398437500000
-0.05371879786252975463867187500000
0.14692163467407226562500000000000
0.15546146035194396972656250000000
0.07598106563091278076171875000000
-0.18970142304897308349609375000000
-0.09173452109098434448242187500000
-0.05113951489329338073730468750000
0.00933418422937393188476562500000
-0.01333029475063085556030273437500
0.05264012888073921203613281250000
0.02819253690540790557861328125000
0.05648231878876686096191406250000
0.13846482336521148681640625000000
0.07106903940439224243164062500000
-0.10701486468315124511718750000000
0.12798212468624114990234375000000
0.04333367943763732910156250000000
0.09143936634063720703125000000000
-0.10428295284509658813476562500000
0.02254009991884231567382812500000
0.10199528932571411132812500000000
-0.22383560240268707275390625000000
0.00340529344975948333740234375000
0.06637004762887954711914062500000
-0.12521159648895263671875000000000
-0.05466253682971000671386718750000
0.17025390267372131347656250000000
0.01810642890632152557373046875000
-0.03863994032144546508789062500000
-0.03771346434950828552246093750000
0.06706823408603668212890625000000
0.14482221007347106933593750000000
-0.11155671626329421997070312500000
-0.06438700109720230102539062500000
0.13302266597747802734375000000000
-0.18421195447444915771484375000000
-0.05463951826095581054687500000000
-0.06702282279729843139648437500000
0.15674057602882385253906250000000
0.12055262923240661621093750000000
0.08308202028274536132812500000000
-0.06491875648498535156250000000000
0.10727381706237792968750000000000
-0.04488855972886085510253906250000
-0.10204352438449859619140625000000
-0.03082711063325405120849609375000
0.14460247755050659179687500000000
-0.03518318012356758117675781250000
0.11909814924001693725585937500000
-0.04916969314217567443847656250000
0.10222008824348449707031250000000
-0.02190618775784969329833984375000
-0.10748065263032913208007812500000
0.13878418505191802978515625000000
0.05983198434114456176757812500000
-0.03282369673252105712890625000000
-0.26360052824020385742187500000000
-0.03972765430808067321777343750000
0.17784570157527923583984375000000
-0.03348197042942047119140625000000
-0.10878123342990875244140625000000
-0.11583366245031356811523437500000
0.09970401227474212646484375000000
0.04164407029747962951660156250000
0.05280179530382156372070312500000
0.13951882719993591308593750000000
0.11359745264053344726562500000000
0.15383677184581756591796875000000
0.05259097367525100708007812500000
0.06226285919547080993652343750000
-0.12582361698150634765625000000000
0.20324489474296569824218750000000
-0.03172101080417633056640625000000
-0.11036836355924606323242187500000
0.01595164090394973754882812500000
0.19172093272209167480468750000000
0.04221545532345771789550781250000
0.13924904167652130126953125000000
0.09390080720186233520507812500000
0.07426943629980087280273437500000
-0.06805557012557983398437500000000
-0.15223650634288787841796875000000
-0.05374694988131523132324218750000
0.17769718170166015625000000000000
-0.01174770202487707138061523437500
0.14624524116516113281250000000000
0.16534355282783508300781250000000
-0.07914756983518600463867187500000
0.18962197005748748779296875000000
0.20681880414485931396484375000000
0.11943306028842926025390625000000
0.08611069619655609130859375000000
0.17556141316890716552734375000000
0.03580635040998458862304687500000
-0.14602585136890411376953125000000
0.02601499855518341064453125000000
0.14120744168758392333984375000000
-0.01543937716633081436157226562500
-0.04711801186203956604003906250000
-0.01218794006854295730590820312500
-0.04419097676873207092285156250000
-0.00097593106329441070556640625000
-0.06626629084348678588867187500000
0.06850318610668182373046875000000
-0.06443835049867630004882812500000
0.14039550721645355224609375000000
0.00776186119765043258666992187500
-0.02879873290657997131347656250000
0.00965237524360418319702148437500
0.21681784093379974365234375000000
-0.06713730841875076293945312500000
0.00305921933613717555999755859375
-0.12422037124633789062500000000000
0.24896243214607238769531250000000
-0.03396355733275413513183593750000
0.18264441192150115966796875000000
0.04425571858882904052734375000000
-0.02524201199412345886230468750000
-0.20915266871452331542968750000000
0.10861279815435409545898437500000
0.01032303832471370697021484375000
0.03374961018562316894531250000000
0.25442662835121154785156250000000
0.15576015412807464599609375000000
-0.07490126788616180419921875000000
-0.03965484350919723510742187500000
-0.06895893812179565429687500000000
-0.00635482138022780418395996093750
-0.09882944077253341674804687500000
0.00019209558377042412757873535156
-0.11281850188970565795898437500000
0.07755036652088165283203125000000
0.11659538000822067260742187500000
0.07885324954986572265625000000000
-0.01489775814116001129150390625000
-0.07178846746683120727539062500000
-0.00684717949479818344116210937500
0.12599140405654907226562500000000
-0.05222010239958763122558593750000
0.13367818295955657958984375000000
0.02340928278863430023193359375000
-0.21035572886466979980468750000000
0.09796325117349624633789062500000
-0.17072366178035736083984375000000
0.11064121872186660766601562500000
0.00621705129742622375488281250000
0.00258049392141401767730712890625
0.06339442729949951171875000000000
0.07010818272829055786132812500000
0.00882466044276952743530273437500
0.08551741391420364379882812500000
0.25391447544097900390625000000000
-0.02137734927237033843994140625000
0.07642511278390884399414062500000
0.01073542330414056777954101562500
0.15307396650314331054687500000000
-0.04663394391536712646484375000000
-0.07392339408397674560546875000000
0.04798819124698638916015625000000
0.01240453962236642837524414062500
-0.03034153953194618225097656250000
0.00701559660956263542175292968750
0.02271585911512374877929687500000
0.06051330268383026123046875000000
0.20720042288303375244140625000000
0.10042027384042739868164062500000
-0.14996343851089477539062500000000
0.02355681173503398895263671875000
0.05811322107911109924316406250000
0.15013507008552551269531250000000
-0.12784883379936218261718750000000
-0.02015212178230285644531250000000
0.07287620007991790771484375000000
-0.06950981169939041137695312500000
0.06552938371896743774414062500000
-0.12704487144947052001953125000000
0.04178922995924949645996093750000
-0.00114119600038975477218627929688
-0.16057838499546051025390625000000
0.02318716049194335937500000000000
-0.19076763093471527099609375000000
0.04790298640727996826171875000000
0.10715756565332412719726562500000
0.13645987212657928466796875000000
0.05380913242697715759277343750000
0.04835728928446769714355468750000
0.03005514666438102722167968750000
0.11950638145208358764648437500000
0.07471299916505813598632812500000
-0.19989600777626037597656250000000
-0.12493761628866195678710937500000
-0.19563871622085571289062500000000
-0.06288462132215499877929687500000
-0.03956015035510063171386718750000
0.20689453184604644775390625000000
-0.10530441999435424804687500000000
0.04073148593306541442871093750000
0.00712446868419647216796875000000
-0.05658577755093574523925781250000
-0.10246712714433670043945312500000
0.21009325981140136718750000000000
0.09496232122182846069335937500000
-0.26944556832313537597656250000000
-0.10356493294239044189453125000000
0.02163447998464107513427734375000
-0.19331081211566925048828125000000
-0.13381063938140869140625000000000
0.07879322022199630737304687500000
0.10347659885883331298828125000000
0.05045356228947639465332031250000
0.08915065228939056396484375000000
0.04870210587978363037109375000000
0.19320544600486755371093750000000
0.14871776103973388671875000000000
0.17188917100429534912109375000000
-0.02675544470548629760742187500000
-0.18228180706501007080078125000000
0.13875794410705566406250000000000
0.19085639715194702148437500000000
0.15303917229175567626953125000000
0.11164885759353637695312500000000
0.04890388622879981994628906250000
0.11335176229476928710937500000000
0.12239644676446914672851562500000
-0.02823290787637233734130859375000
-0.14867913722991943359375000000000
0.01312070339918136596679687500000
-0.00820675492286682128906250000000
0.03568580746650695800781250000000
0.12630800902843475341796875000000
0.06778101623058319091796875000000
-0.18436112999916076660156250000000
0.08263527601957321166992187500000
-0.04110247641801834106445312500000
-0.16395787894725799560546875000000
-0.03767307847738265991210937500000
0.00287646544165909290313720703125
0.11749153584241867065429687500000
-0.08269220590591430664062500000000
0.06008382141590118408203125000000
-0.00797837413847446441650390625000
0.00745107326656579971313476562500
0.01740737073123455047607421875000
0.08323024213314056396484375000000
-0.08963426202535629272460937500000
0.02982321009039878845214843750000
0.09929640591144561767578125000000
0.11378996819257736206054687500000
-0.03132618963718414306640625000000
0.11456554383039474487304687500000
-0.22485494613647460937500000000000
-0.05416332557797431945800781250000
0.03922082483768463134765625000000
-0.03603911399841308593750000000000
0.06114106252789497375488281250000
0.17586372792720794677734375000000
0.35028180480003356933593750000000
-0.10825268924236297607421875000000
0.10857687890529632568359375000000
0.11729291826486587524414062500000
0.24229334294795989990234375000000
0.05578519776463508605957031250000
0.03151560947299003601074218750000
0.06543115526437759399414062500000
0.09709095209836959838867187500000
-0.00392403919249773025512695312500
-0.13022018969058990478515625000000
-0.07665610313415527343750000000000
0.27086219191551208496093750000000
-0.16501475870609283447265625000000
0.16973112523555755615234375000000
-0.11462616175413131713867187500000
0.06404563784599304199218750000000
0.07968655973672866821289062500000
-0.14047726988792419433593750000000
-0.02664241380989551544189453125000
-0.03597816079854965209960937500000
-0.22356709837913513183593750000000
0.08431608229875564575195312500000
-0.12475934624671936035156250000000
-0.07336229085922241210937500000000
-0.00587191618978977203369140625000
0.22613090276718139648437500000000
-0.10189287364482879638671875000000
-0.02035526745021343231201171875000
-0.06724979728460311889648437500000
0.08304064720869064331054687500000
-0.02289658784866333007812500000000
0.18118317425251007080078125000000
0.02004472725093364715576171875000
0.05357031151652336120605468750000
0.24564911425113677978515625000000
0.04071006551384925842285156250000
0.04848731681704521179199218750000
-0.03513700515031814575195312500000
-0.19765217602252960205078125000000
0.16552302241325378417968750000000
-0.05485465377569198608398437500000
-0.08056730777025222778320312500000
-0.01017770636826753616333007812500
-0.24378225207328796386718750000000
0.03695222735404968261718750000000
-0.07884256541728973388671875000000
-0.01627289690077304840087890625000
0.10113765299320220947265625000000
0.11532034724950790405273437500000
0.04688645526766777038574218750000
0.08614538609981536865234375000000
0.13196490705013275146484375000000
-0.08027055114507675170898437500000
-0.08109381049871444702148437500000
0.00544983660802245140075683593750
0.07737400382757186889648437500000
-0.04102391749620437622070312500000
0.02870619855821132659912109375000
0.04753625020384788513183593750000
-0.06111191958189010620117187500000
0.21724136173725128173828125000000
0.12938235700130462646484375000000
-0.08110564202070236206054687500000
-0.04912365600466728210449218750000
0.05316971614956855773925781250000
0.00121655396651476621627807617188
-0.27793040871620178222656250000000
-0.03469823673367500305175781250000
0.01240882370620965957641601562500
-0.03498965501785278320312500000000
-0.04399474337697029113769531250000
0.16287703812122344970703125000000
0.01968604326248168945312500000000
0.06689804792404174804687500000000
0.02832531556487083435058593750000
0.16210597753524780273437500000000
-0.05540267750620841979980468750000
-0.02972544729709625244140625000000
0.14919915795326232910156250000000
-0.00233786273747682571411132812500
-0.09535609185695648193359375000000
0.00773462606593966484069824218750
0.13219590485095977783203125000000
0.05540846660733222961425781250000
0.12037723511457443237304687500000
-0.03454428538680076599121093750000
-0.06187457591295242309570312500000
-0.04161342605948448181152343750000
-0.04125259816646575927734375000000
0.09347902983427047729492187500000
0.08373717963695526123046875000000
0.04837053269147872924804687500000
0.07056476920843124389648437500000
0.05484007298946380615234375000000
0.14992009103298187255859375000000
0.08990149945020675659179687500000
-0.03457497432827949523925781250000
-0.06120800599455833435058593750000
-0.11447885632514953613281250000000
-0.07712084054946899414062500000000
0.05341657623648643493652343750000
0.04180147126317024230957031250000
-0.10114898532629013061523437500000
0.03802148252725601196289062500000
-0.22650755941867828369140625000000
0.11489783972501754760742187500000
0.05776729807257652282714843750000
-0.06611283123493194580078125000000
0.13698235154151916503906250000000
-0.00198876578360795974731445312500
0.12910179793834686279296875000000
-0.05576705187559127807617187500000
0.04599112644791603088378906250000
-0.26955527067184448242187500000000
0.03764766454696655273437500000000
-0.04719375073909759521484375000000
0.15444126725196838378906250000000
-0.03986105695366859436035156250000
-0.05379141122102737426757812500000
-0.37744313478469848632812500000000
-0.06932278722524642944335937500000
0.23668232560157775878906250000000
-0.12003025412559509277343750000000
-0.14754670858383178710937500000000
-0.07522507011890411376953125000000
0.12087482959032058715820312500000
0.05281974002718925476074218750000
0.10002529621124267578125000000000
0.06171594560146331787109375000000
0.07043429464101791381835937500000
0.25604212284088134765625000000000
-0.07075671851634979248046875000000
-0.03000396676361560821533203125000
0.21226139366626739501953125000000
0.04036901146173477172851562500000
-0.13159996271133422851562500000000
0.04859350621700286865234375000000
0.10900192707777023315429687500000
0.29813519120216369628906250000000
0.20262689888477325439453125000000
0.05807561799883842468261718750000
0.08565661311149597167968750000000
-0.14474694430828094482421875000000
-0.15567219257354736328125000000000
-0.01627879031002521514892578125000
0.04149825125932693481445312500000
-0.12209928035736083984375000000000
0.16676007211208343505859375000000
-0.10268521308898925781250000000000
0.09458927065134048461914062500000
0.06064105778932571411132812500000
0.02844375371932983398437500000000
0.01219709496945142745971679687500
0.02443366125226020812988281250000
-0.11832107603549957275390625000000
-0.20679147541522979736328125000000
-0.06740269809961318969726562500000
0.04091173782944679260253906250000
-0.07957287877798080444335937500000
0.06447018682956695556640625000000
0.10423611849546432495117187500000
-0.00978456437587738037109375000000
0.02079426310956478118896484375000
-0.16010783612728118896484375000000
0.08376176655292510986328125000000
-0.06632870435714721679687500000000
0.03764889389276504516601562500000
0.11466216295957565307617187500000
-0.04111049324274063110351562500000
-0.04430282860994338989257812500000
-0.07697747647762298583984375000000
0.11938968300819396972656250000000
0.14759649336338043212890625000000
-0.06225301697850227355957031250000
0.07577433437108993530273437500000
0.00597109785303473472595214843750
0.30565121769905090332031250000000
0.03939617797732353210449218750000
0.01751707866787910461425781250000
0.04520795866847038269042968750000
0.18318751454353332519531250000000
0.00718563748523592948913574218750
0.07624503225088119506835937500000
-0.09524586796760559082031250000000
-0.01376189943403005599975585937500
0.01798687502741813659667968750000
0.09489431977272033691406250000000
-0.05064286664128303527832031250000
0.18623711168766021728515625000000
0.10768379271030426025390625000000
-0.06731695681810379028320312500000
0.06809104233980178833007812500000
-0.14373190701007843017578125000000
-0.11137584596872329711914062500000
-0.05835657939314842224121093750000
0.01050534099340438842773437500000
0.00212628860026597976684570312500
-0.07242298871278762817382812500000
0.10551162064075469970703125000000
0.15752454102039337158203125000000
0.17698827385902404785156250000000
-0.18370647728443145751953125000000
-0.09960425645112991333007812500000
-0.05874309316277503967285156250000
-0.14281421899795532226562500000000
0.17657168209552764892578125000000
0.31290361285209655761718750000000
-0.06900142133235931396484375000000
-0.06552125513553619384765625000000
0.03783328831195831298828125000000
-0.00881063193082809448242187500000
