0.00946426298469305038452148437500
0.00426703551784157752990722656250
-0.03213188797235488891601562500000
-0.00346734258346259593963623046875
-0.02753161080181598663330078125000
-0.00246313936077058315277099609375
-0.05098609253764152526855468750000
0.00828972645103931427001953125000
0.02647162228822708129882812500000
-0.01262943260371685028076171875000
-0.02799253165721893310546875000000
0.00526315486058592796325683593750
-0.00202970299869775772094726562500
0.00545504922047257423400878906250
0.05430049076676368713378906250000
0.00088216422591358423233032226562
0.00463126180693507194519042968750
0.01041101478040218353271484375000
-0.06091929972171783447265625000000
0.03136274963617324829101562500000
0.01976464875042438507080078125000
0.03645789250731468200683593750000
0.00692746182903647422790527343750
-0.00179699843283742666244506835938
0.02953704446554183959960937500000
0.00370340002700686454772949218750
-0.07206582278013229370117187500000
0.01637197472155094146728515625000
0.02747054211795330047607421875000
-0.01923237740993499755859375000000
-0.00407398305833339691162109375000
-0.01037038210779428482055664062500
