0.00045383637188933789730072021484
-0.00802053045481443405151367187500
-0.00854368414729833602905273437500
-0.00491558201611042022705078125000
0.00679220119491219520568847656250
0.00027577864238992333412170410156
0.01223386917263269424438476562500
-0.00008835287007968872785568237305
-0.00373814976774156093597412109375
-0.00144703034311532974243164062500
0.01179574057459831237792968750000
-0.00096284796018153429031372070312
0.03665082529187202453613281250000
0.00928400270640850067138671875000
-0.00803465396165847778320312500000
0.00595401553437113761901855468750
0.01841619051992893218994140625000
0.00331139517948031425476074218750
-0.01335640810430049896240234375000
0.02689920738339424133300781250000
-0.02799638360738754272460937500000
0.02920945174992084503173828125000
0.00803305208683013916015625000000
-0.01105715055018663406372070312500
0.01441883388906717300415039062500
-0.00542599055916070938110351562500
-0.01256910618394613265991210937500
0.00330095132812857627868652343750
0.00219086557626724243164062500000
0.01568210124969482421875000000000
0.00454853102564811706542968750000
0.00593795999884605407714843750000
-0.01176799926906824111938476562500
-0.00639293342828750610351562500000
0.02055169828236103057861328125000
0.07083282619714736938476562500000
0.00234915036708116531372070312500
0.00882629398256540298461914062500
-0.00131631002295762300491333007812
0.04062264040112495422363281250000
-0.00689404411241412162780761718750
0.03633468225598335266113281250000
-0.00239008408971130847930908203125
-0.00042531729559414088726043701172
-0.00937565136700868606567382812500
0.00565920304507017135620117187500
0.01117228157818317413330078125000
-0.00406169053167104721069335937500
-0.00005805187174701131880283355713
-0.00774631323292851448059082031250
-0.00546819111332297325134277343750
0.00936148315668106079101562500000
0.00241886707954108715057373046875
0.00234018755145370960235595703125
-0.00667861709371209144592285156250
0.00304510886780917644500732421875
0.04719930514693260192871093750000
0.00026517934747971594333648681641
-0.01274255290627479553222656250000
0.00711552053689956665039062500000
0.00337951257824897766113281250000
0.01472092792391777038574218750000
0.02509221993386745452880859375000
0.00395853677764534950256347656250
0.00211679958738386631011962890625
0.00238397670909762382507324218750
-0.00362500501796603202819824218750
0.00329534686170518398284912109375
0.01092667318880558013916015625000
0.00542810605838894844055175781250
-0.00878422800451517105102539062500
0.00819211266934871673583984375000
0.00705250911414623260498046875000
0.00989634077996015548706054687500
-0.00083078991156071424484252929688
0.02078330703079700469970703125000
0.00970508623868227005004882812500
0.00114394235424697399139404296875
0.00259842607192695140838623046875
-0.00612057652324438095092773437500
-0.00003049775477848015725612640381
0.01295999158173799514770507812500
0.01177949644625186920166015625000
-0.00966412201523780822753906250000
0.00334306037984788417816162109375
0.00156281644012778997421264648438
-0.00130017381161451339721679687500
-0.00491353776305913925170898437500
0.03524430096149444580078125000000
0.00744532793760299682617187500000
0.00381828402169048786163330078125
0.00391070358455181121826171875000
-0.00550748314708471298217773437500
-0.00145773706026375293731689453125
0.00809582695364952087402343750000
0.05912845954298973083496093750000
-0.01677620038390159606933593750000
0.00227225478738546371459960937500
0.03145792707800865173339843750000
0.04747278243303298950195312500000
0.00645073084160685539245605468750
0.00812874641269445419311523437500
0.07182735949754714965820312500000
0.00305431452579796314239501953125
0.01835427992045879364013671875000
0.00250281020998954772949218750000
-0.00241192919202148914337158203125
0.00790093000978231430053710937500
-0.00264160032384097576141357421875
-0.00002960043275379575788974761963
0.00398062914609909057617187500000
0.00626487610861659049987792968750
0.01536572258919477462768554687500
0.00887225102633237838745117187500
0.00164670217782258987426757812500
0.02701115608215332031250000000000
-0.01884126476943492889404296875000
0.01177087798714637756347656250000
-0.00242472719401121139526367187500
0.04749052971601486206054687500000
-0.00544740213081240653991699218750
0.03047005087137222290039062500000
-0.00443568639457225799560546875000
0.02164320461452007293701171875000
-0.00395150622352957725524902343750
0.04165625944733619689941406250000
0.03664222359657287597656250000000
-0.00089137302711606025695800781250
-0.00492705265060067176818847656250
0.00291166640818119049072265625000
-0.00002805454460030887275934219360
0.01366473454982042312622070312500
-0.00122295960318297147750854492188
0.01387316361069679260253906250000
0.03927123546600341796875000000000
-0.00597073696553707122802734375000
-0.00270907813683152198791503906250
0.00858656968921422958374023437500
-0.00639281515032052993774414062500
-0.00694684823974967002868652343750
0.00279813027009367942810058593750
-0.00053380633471533656120300292969
-0.00052144209621474146842956542969
0.01366115733981132507324218750000
0.03054656647145748138427734375000
-0.01196595188230276107788085937500
0.01936895772814750671386718750000
-0.00291145383380353450775146484375
-0.00061342661501839756965637207031
0.00978057924658060073852539062500
0.00457119056954979896545410156250
0.03623673692345619201660156250000
0.07471810281276702880859375000000
0.00145320908632129430770874023438
0.01252900436520576477050781250000
-0.01503960974514484405517578125000
0.00216870894655585289001464843750
0.01521756686270236968994140625000
0.00285691418685019016265869140625
-0.01053404621779918670654296875000
0.01789321191608905792236328125000
-0.00009994309948524460196495056152
-0.01991761103272438049316406250000
0.00459064776077866554260253906250
0.00781431514769792556762695312500
-0.00661574304103851318359375000000
0.01534277107566595077514648437500
-0.01999697275459766387939453125000
-0.00373026961460709571838378906250
0.03427894040942192077636718750000
-0.00871718488633632659912109375000
-0.00337035255506634712219238281250
0.00408920366317033767700195312500
-0.00993470661342144012451171875000
0.00222800113260746002197265625000
0.02993736043572425842285156250000
0.00481179682537913322448730468750
0.00798715651035308837890625000000
0.00557165360078215599060058593750
0.04435680806636810302734375000000
0.00433513941243290901184082031250
-0.00827368907630443572998046875000
0.00792886316776275634765625000000
0.00497691147029399871826171875000
0.04131058976054191589355468750000
-0.00484370859339833259582519531250
-0.00182648317422717809677124023438
0.00511472299695014953613281250000
0.02162131667137145996093750000000
0.00329875038005411624908447265625
-0.00817191787064075469970703125000
-0.00018127891235053539276123046875
0.00126488786190748214721679687500
-0.01588807627558708190917968750000
-0.00439008744433522224426269531250
-0.01160639151930809020996093750000
0.06066665053367614746093750000000
0.01207203324884176254272460937500
-0.01407611370086669921875000000000
-0.00236873421818017959594726562500
0.03017616085708141326904296875000
0.00471054296940565109252929687500
-0.02018369175493717193603515625000
0.00225997366942465305328369140625
-0.01327953115105628967285156250000
0.00830055680125951766967773437500
-0.00331445131450891494750976562500
0.00439930893480777740478515625000
0.00047973450273275375366210937500
-0.00312440213747322559356689453125
0.00229401816613972187042236328125
0.01014895923435688018798828125000
0.01833286508917808532714843750000
0.01681849732995033264160156250000
-0.00925083551555871963500976562500
0.00931870937347412109375000000000
0.00111605098936706781387329101562
0.04444643110036849975585937500000
0.01572601869702339172363281250000
0.00048061611596494913101196289062
-0.00506467698141932487487792968750
0.00638420181348919868469238281250
0.01110499352216720581054687500000
0.00149318727198988199234008789062
0.02135002613067626953125000000000
0.01975104771554470062255859375000
-0.00643682992085814476013183593750
-0.00932082347571849822998046875000
0.00996152590960264205932617187500
-0.00863625854253768920898437500000
0.01092455536127090454101562500000
0.02163055352866649627685546875000
-0.00533484760671854019165039062500
-0.01300383731722831726074218750000
0.00678394641727209091186523437500
-0.00252751028165221214294433593750
0.00336874229833483695983886718750
0.00737082958221435546875000000000
0.05243020504713058471679687500000
0.00039763163658790290355682373047
-0.01653420552611351013183593750000
-0.00437987037003040313720703125000
-0.00262912828475236892700195312500
0.01036510523408651351928710937500
-0.01029401179403066635131835937500
-0.00373627175576984882354736328125
-0.00585112255066633224487304687500
-0.00087391462875530123710632324219
-0.00108182651456445455551147460938
-0.00014859483053442090749740600586
-0.01299107633531093597412109375000
0.07041671872138977050781250000000
0.03678777441382408142089843750000
0.00970012415200471878051757812500
0.00278523867018520832061767578125
0.00183719838969409465789794921875
0.01333808712661266326904296875000
0.00435998244211077690124511718750
0.02520474791526794433593750000000
0.01234554499387741088867187500000
-0.00868537276983261108398437500000
0.00463832681998610496520996093750
0.02418571151793003082275390625000
0.00871670711785554885864257812500
0.00464618671685457229614257812500
0.00644061993807554244995117187500
-0.00158326304517686367034912109375
-0.01282014232128858566284179687500
0.01267879549413919448852539062500
0.00429857755079865455627441406250
0.01053390745073556900024414062500
0.01842554472386837005615234375000
-0.00292124273255467414855957031250
-0.00924335047602653503417968750000
0.00116539699956774711608886718750
0.00605356041342020034790039062500
0.00148066563997417688369750976562
0.00128681818023324012756347656250
0.01516932435333728790283203125000
0.01408775895833969116210937500000
-0.00651126960292458534240722656250
-0.00424972502514719963073730468750
0.00604080362245440483093261718750
0.01347732171416282653808593750000
-0.00831545237451791763305664062500
-0.00049151346320286393165588378906
-0.00707681709900498390197753906250
0.00164100818801671266555786132812
-0.00495748640969395637512207031250
0.00794704630970954895019531250000
0.00410981662571430206298828125000
0.01426480896770954132080078125000
0.00684020016342401504516601562500
0.00163276889361441135406494140625
0.01640847139060497283935546875000
-0.00657929154112935066223144531250
-0.01278476696461439132690429687500
0.03828646987676620483398437500000
0.00650646211579442024230957031250
-0.00810080487281084060668945312500
-0.02470734342932701110839843750000
0.01259625703096389770507812500000
0.00101434066891670227050781250000
0.01418465934693813323974609375000
0.00423999316990375518798828125000
0.00012473983224481344223022460938
0.01100916974246501922607421875000
0.01335619669407606124877929687500
0.00259334384463727474212646484375
0.00644876575097441673278808593750
0.01123104244470596313476562500000
-0.00107474124524742364883422851562
-0.00096818833844736218452453613281
-0.00064752349862828850746154785156
0.01792408525943756103515625000000
-0.00102541642263531684875488281250
0.02804843895137310028076171875000
0.00815941207110881805419921875000
-0.00341346487402915954589843750000
0.01045043393969535827636718750000
-0.00420960271731019020080566406250
-0.00307620689272880554199218750000
0.01720491610467433929443359375000
-0.00629152962937951087951660156250
0.01002680882811546325683593750000
0.00943618174642324447631835937500
0.00360491662286221981048583984375
0.00662208581343293190002441406250
0.00528187723830342292785644531250
0.00849122460931539535522460937500
0.01574719697237014770507812500000
0.00654758978635072708129882812500
0.00730555038899183273315429687500
0.01257481612265110015869140625000
0.01557569578289985656738281250000
-0.00442449096590280532836914062500
-0.00141014310065656900405883789062
-0.00464198086410760879516601562500
0.00857837963849306106567382812500
0.03412478417158126831054687500000
0.01657730340957641601562500000000
0.01628981716930866241455078125000
-0.00960058998316526412963867187500
0.00237122457474470138549804687500
0.01234163157641887664794921875000
0.00753131322562694549560546875000
-0.00540286768227815628051757812500
0.01234899833798408508300781250000
0.01648320071399211883544921875000
0.00840239133685827255249023437500
0.03099299594759941101074218750000
0.00179523171391338109970092773438
0.01778773218393325805664062500000
-0.00339714228175580501556396484375
0.01109607797116041183471679687500
0.01384423207491636276245117187500
0.03055630996823310852050781250000
-0.01461793575435876846313476562500
0.00390957342460751533508300781250
0.03170192241668701171875000000000
-0.00217311154119670391082763671875
-0.00800457131117582321166992187500
0.00499092182144522666931152343750
0.00244854995980858802795410156250
0.01024327147752046585083007812500
-0.00259960838593542575836181640625
0.00139624520670622587203979492188
0.01674439199268817901611328125000
0.00143333734013140201568603515625
0.00863629020750522613525390625000
-0.00536690838634967803955078125000
-0.00059300218708813190460205078125
-0.00380576495081186294555664062500
0.01636872999370098114013671875000
0.01856039464473724365234375000000
-0.00570580968633294105529785156250
0.00828201416879892349243164062500
-0.01085308287292718887329101562500
0.00881736166775226593017578125000
0.01612169668078422546386718750000
0.00307286460883915424346923828125
0.00820679310709238052368164062500
0.00919630285352468490600585937500
0.01374610606580972671508789062500
0.00491045648232102394104003906250
0.01003256626427173614501953125000
0.00566208967939019203186035156250
0.00424877880141139030456542968750
0.00479621253907680511474609375000
0.00607302039861679077148437500000
-0.00348801165819168090820312500000
-0.00132758112158626317977905273438
0.00940043292939662933349609375000
-0.00804818514734506607055664062500
-0.00062637706287205219268798828125
0.00606760149821639060974121093750
0.00116482411976903676986694335938
-0.00746848899871110916137695312500
0.00177616276778280735015869140625
-0.02628446184098720550537109375000
0.00717778503894805908203125000000
-0.00363951968029141426086425781250
-0.00431423541158437728881835937500
-0.00448281597346067428588867187500
-0.00364476093091070652008056640625
0.00851152651011943817138671875000
-0.00582125922664999961853027343750
0.00453699985519051551818847656250
0.00362997595220804214477539062500
0.00908945593982934951782226562500
0.00270428904332220554351806640625
0.04092861339449882507324218750000
0.00084789522225037217140197753906
-0.00025087498943321406841278076172
0.01390575338155031204223632812500
0.00086591904982924461364746093750
-0.00169951142743229866027832031250
-0.00778433447703719139099121093750
0.00928103644400835037231445312500
0.00684404140338301658630371093750
0.00027346480055712163448333740234
-0.00236068363301455974578857421875
-0.00449049472808837890625000000000
0.00572848273441195487976074218750
0.02372078038752079010009765625000
0.00014469450979959219694137573242
-0.00530746672302484512329101562500
0.01828821934759616851806640625000
-0.00149785913527011871337890625000
-0.01464833412319421768188476562500
0.01499938312917947769165039062500
-0.00334185920655727386474609375000
0.00949464924633502960205078125000
0.00844028219580650329589843750000
0.00710394233465194702148437500000
-0.00234425347298383712768554687500
0.00063505774596706032752990722656
0.00062619033269584178924560546875
0.00076550903031602501869201660156
0.01164314709603786468505859375000
0.00246451003476977348327636718750
0.00169029168318957090377807617188
0.01720610633492469787597656250000
0.00320246117189526557922363281250
-0.00323050864972174167633056640625
0.00544686848297715187072753906250
0.01532261166721582412719726562500
-0.00316582946106791496276855468750
-0.01215462852269411087036132812500
0.02470341697335243225097656250000
0.00211210292764008045196533203125
-0.00444334419444203376770019531250
-0.00289233797229826450347900390625
0.00685644242912530899047851562500
0.00893518514931201934814453125000
0.01010417565703392028808593750000
-0.00303086009807884693145751953125
-0.00565104745328426361083984375000
-0.00348535063676536083221435546875
-0.00641228863969445228576660156250
0.01189278345555067062377929687500
0.00960063375532627105712890625000
0.01166626717895269393920898437500
0.00701346760615706443786621093750
0.00437720818445086479187011718750
0.01414633635431528091430664062500
-0.00364926061592996120452880859375
0.01485022623091936111450195312500
0.00973525177687406539916992187500
0.02974922768771648406982421875000
0.00533433444797992706298828125000
0.00256080320104956626892089843750
0.00229222769849002361297607421875
0.02134285308420658111572265625000
0.00513190822675824165344238281250
0.00395022705197334289550781250000
-0.00963254179805517196655273437500
0.00662393448874354362487792968750
0.00839380733668804168701171875000
0.01103824004530906677246093750000
-0.00307061499916017055511474609375
0.01236007642000913619995117187500
0.00450129853561520576477050781250
0.01678916439414024353027343750000
-0.00330782891251146793365478515625
0.00430780369788408279418945312500
0.00429160287603735923767089843750
0.02810657396912574768066406250000
0.01262407936155796051025390625000
0.00360777741298079490661621093750
0.00763011304661631584167480468750
0.00240156683139503002166748046875
-0.01572142168879508972167968750000
0.00320171238854527473449707031250
-0.00131133908871561288833618164062
-0.00229111732915043830871582031250
0.03051554784178733825683593750000
0.00439364463090896606445312500000
0.00495452247560024261474609375000
0.00967014301568269729614257812500
0.00627388805150985717773437500000
0.01667563058435916900634765625000
-0.00009079941810341551899909973145
0.01461108680814504623413085937500
0.00235234946012496948242187500000
-0.00492392946034669876098632812500
0.00725764455273747444152832031250
0.00834126397967338562011718750000
-0.00736870151013135910034179687500
0.00167109759058803319931030273438
0.01140381768345832824707031250000
0.00064593792194500565528869628906
0.00344921904616057872772216796875
-0.01651435717940330505371093750000
0.00852825306355953216552734375000
-0.02344852685928344726562500000000
-0.00469009764492511749267578125000
-0.00310002849437296390533447265625
-0.00256812758743762969970703125000
-0.01103375665843486785888671875000
0.01628787629306316375732421875000
0.01005397085100412368774414062500
0.01066342089325189590454101562500
0.01587941683828830718994140625000
0.01147544384002685546875000000000
0.00317326420918107032775878906250
-0.00144396047107875347137451171875
0.01326677668839693069458007812500
-0.00316202710382640361785888671875
0.00304346950724720954895019531250
-0.00628828397020697593688964843750
0.00699149072170257568359375000000
0.01055457629263401031494140625000
0.00877027027308940887451171875000
-0.01895542256534099578857421875000
0.01598552055656909942626953125000
0.00827381853014230728149414062500
0.01829973794519901275634765625000
0.00303072691895067691802978515625
0.01707094348967075347900390625000
0.00613723834976553916931152343750
0.00515633448958396911621093750000
0.01214669737964868545532226562500
0.00509496731683611869812011718750
0.00638979813084006309509277343750
0.00493593374267220497131347656250
0.02489916421473026275634765625000
0.00043458593427203595638275146484
0.01491703651845455169677734375000
0.00391330476850271224975585937500
-0.00236382079310715198516845703125
0.01580217853188514709472656250000
0.00329552195034921169281005859375
0.00819462630897760391235351562500
-0.00386288645677268505096435546875
0.03256424143910408020019531250000
0.00151795288547873497009277343750
0.01154347695410251617431640625000
-0.00401099491864442825317382812500
-0.00526445545256137847900390625000
0.00207938277162611484527587890625
0.00304763019084930419921875000000
-0.02021898515522480010986328125000
0.00410886667668819427490234375000
0.00540185440331697463989257812500
0.00407096231356263160705566406250
0.01027499604970216751098632812500
-0.00673553254455327987670898437500
0.00590112758800387382507324218750
0.00214156741276383399963378906250
0.00990070682018995285034179687500
0.00096862990176305174827575683594
-0.00746319768950343132019042968750
0.00016765955660957843065261840820
0.01578338444232940673828125000000
0.01483174134045839309692382812500
0.01432116981595754623413085937500
0.00354572618380188941955566406250
-0.01597742177546024322509765625000
0.00107286660932004451751708984375
0.00862884428352117538452148437500
-0.00653923302888870239257812500000
0.01791318878531455993652343750000
-0.00651808874681591987609863281250
-0.00405502924695611000061035156250
0.01830536872148513793945312500000
0.00472290627658367156982421875000
0.00667604384943842887878417968750
0.00160802656318992376327514648438
0.00213350122794508934020996093750
0.00390319200232625007629394531250
0.00399759504944086074829101562500
0.00376015133224427700042724609375
0.00394435599446296691894531250000
-0.00340214837342500686645507812500
-0.00953021179884672164916992187500
-0.00618785806000232696533203125000
0.01536890305578708648681640625000
0.01130894850939512252807617187500
0.00304651679471135139465332031250
0.00035616097738966345787048339844
0.00001182896812679246068000793457
0.00507886754348874092102050781250
0.00408433424308896064758300781250
-0.00883442722260951995849609375000
0.00573525996878743171691894531250
-0.00580180343240499496459960937500
0.00680057797580957412719726562500
0.01180872414261102676391601562500
0.00914941076189279556274414062500
-0.00354706239886581897735595703125
0.00389832630753517150878906250000
0.01370948273688554763793945312500
-0.00014861651288811117410659790039
-0.00417203037068247795104980468750
0.00977569725364446640014648437500
0.00341045949608087539672851562500
-0.00108395714778453111648559570312
0.02843379043042659759521484375000
0.00391519535332918167114257812500
0.00028540228959172964096069335938
-0.01638052240014076232910156250000
0.00235428474843502044677734375000
-0.00733258482068777084350585937500
-0.00086269376333802938461303710938
0.03458294272422790527343750000000
0.00104402634315192699432373046875
0.00348544889129698276519775390625
0.00817460846155881881713867187500
-0.00764110591262578964233398437500
-0.00637224595993757247924804687500
0.00548724131658673286437988281250
0.01259458623826503753662109375000
-0.00850647501647472381591796875000
-0.00265204720199108123779296875000
0.00515684904530644416809082031250
0.01106738112866878509521484375000
-0.00155241368338465690612792968750
0.00949857197701930999755859375000
0.03654716163873672485351562500000
-0.00689691491425037384033203125000
-0.00463995104655623435974121093750
-0.00134082045406103134155273437500
0.00866842828691005706787109375000
-0.00631954846903681755065917968750
0.00557566434144973754882812500000
0.01828060112893581390380859375000
-0.00472048250958323478698730468750
0.01139356382191181182861328125000
0.00022109944256953895092010498047
0.01585855521261692047119140625000
0.01808112673461437225341796875000
0.01146536599844694137573242187500
-0.00821830239146947860717773437500
0.01398714445531368255615234375000
0.00036958290729671716690063476562
0.01277279295027256011962890625000
-0.00402769632637500762939453125000
0.00208168057724833488464355468750
-0.00140340207144618034362792968750
0.00677328044548630714416503906250
0.01070010941475629806518554687500
0.00653274031355977058410644531250
0.00094211124815046787261962890625
-0.00733241904526948928833007812500
-0.01121589448302984237670898437500
0.01518597826361656188964843750000
-0.00703662401065230369567871093750
-0.00525797158479690551757812500000
0.00796935427933931350708007812500
0.00562289077788591384887695312500
-0.00056265474995598196983337402344
0.01170196570456027984619140625000
0.00361259118653833866119384765625
-0.00694448361173272132873535156250
0.02263921871781349182128906250000
0.01285107899457216262817382812500
0.00453819707036018371582031250000
-0.00425542891025543212890625000000
-0.00278451805934309959411621093750
0.00721381790935993194580078125000
-0.00043296869262121617794036865234
0.00582141475751996040344238281250
0.00975478719919919967651367187500
-0.00620882539078593254089355468750
-0.01790319941937923431396484375000
0.01453945226967334747314453125000
0.00572906713932752609252929687500
0.00759742176160216331481933593750
0.00071157427737489342689514160156
-0.00083594390889629721641540527344
0.00896491110324859619140625000000
-0.00292230187915265560150146484375
-0.00000860664840729441493749618530
0.00654399301856756210327148437500
0.00881165266036987304687500000000
-0.00368149112910032272338867187500
0.01326061040163040161132812500000
0.01015621237456798553466796875000
0.00751682510599493980407714843750
-0.00362723297439515590667724609375
-0.00234093866311013698577880859375
0.00735384831205010414123535156250
0.01209260616451501846313476562500
0.00801033526659011840820312500000
0.00157842994667589664459228515625
0.00918611977249383926391601562500
0.01273673120886087417602539062500
0.01585770025849342346191406250000
0.00113524578046053647994995117188
0.01479491218924522399902343750000
0.00739969080314040184020996093750
0.00703066959977149963378906250000
0.00486238487064838409423828125000
-0.00208136881701648235321044921875
-0.01194990985095500946044921875000
0.00719579029828310012817382812500
-0.00288043520413339138031005859375
-0.00130132702179253101348876953125
0.01707744598388671875000000000000
0.00453653139993548393249511718750
0.02915051393210887908935546875000
0.02005807869136333465576171875000
0.00829012691974639892578125000000
-0.00942391902208328247070312500000
0.00550442002713680267333984375000
0.00423615099862217903137207031250
-0.00200678198598325252532958984375
0.01899343915283679962158203125000
0.01326981279999017715454101562500
0.01474866550415754318237304687500
0.00769487768411636352539062500000
-0.00350175518542528152465820312500
0.01276594586670398712158203125000
-0.00313114747405052185058593750000
-0.00064489210490137338638305664062
0.00562669942155480384826660156250
0.00469246506690979003906250000000
0.00921690836548805236816406250000
0.00786305312067270278930664062500
0.02212203480303287506103515625000
0.01486593950539827346801757812500
-0.00096788490191102027893066406250
0.01102879084646701812744140625000
0.00638945819810032844543457031250
0.01292173471301794052124023437500
0.00834603700786828994750976562500
-0.00166787684429436922073364257812
0.00752981333062052726745605468750
0.00809986423701047897338867187500
0.01003168523311614990234375000000
0.00585166830569505691528320312500
0.00481909140944480895996093750000
-0.01191045716404914855957031250000
-0.00635256385430693626403808593750
0.00816759746521711349487304687500
-0.00237326184287667274475097656250
-0.00024468897026963531970977783203
0.01089448481798171997070312500000
0.00759085174649953842163085937500
0.00754923187196254730224609375000
0.01880190148949623107910156250000
0.01076502632349729537963867187500
-0.00771891977638006210327148437500
0.01800995878875255584716796875000
0.00569848995655775070190429687500
0.01522672921419143676757812500000
0.00998202804476022720336914062500
