-0.00383682502433657646179199218750
0.00628402456641197204589843750000
0.00562480650842189788818359375000
0.00034661073004826903343200683594
-0.02575285360217094421386718750000
-0.00207702256739139556884765625000
0.00328724528662860393524169921875
0.00371174933388829231262207031250
0.00514637958258390426635742187500
-0.02127742022275924682617187500000
-0.03550841286778450012207031250000
0.00462212553247809410095214843750
0.03223357349634170532226562500000
-0.00813225843012332916259765625000
0.00255973823368549346923828125000
0.00123755726963281631469726562500
0.00323653430677950382232666015625
0.00078738149022683501243591308594
0.01779495552182197570800781250000
0.00600008619949221611022949218750
-0.00054658623412251472473144531250
0.03561281785368919372558593750000
0.01559310313314199447631835937500
-0.00116465974133461713790893554688
0.00436450634151697158813476562500
0.00497784791514277458190917968750
0.01829210296273231506347656250000
0.02049869298934936523437500000000
0.00072103523416444659233093261719
-0.02783145383000373840332031250000
-0.01195717789232730865478515625000
-0.00108906696550548076629638671875
-0.03882366791367530822753906250000
-0.00176793162245303392410278320312
0.06612651050090789794921875000000
0.00814100261777639389038085937500
-0.00387075985781848430633544921875
0.00322659919038414955139160156250
0.12307849526405334472656250000000
0.04497025161981582641601562500000
0.06744359433650970458984375000000
-0.01203864440321922302246093750000
0.02158378250896930694580078125000
0.05514296889305114746093750000000
0.00968916993588209152221679687500
-0.01123763062059879302978515625000
0.02215809188783168792724609375000
0.04231072589755058288574218750000
0.00602602167055010795593261718750
0.03225054964423179626464843750000
0.04739457741379737854003906250000
-0.05055333301424980163574218750000
0.02529437839984893798828125000000
-0.06393359601497650146484375000000
0.01264114957302808761596679687500
-0.00901606306433677673339843750000
0.11105005443096160888671875000000
0.05226625874638557434082031250000
0.02849137410521507263183593750000
0.00409729452803730964660644531250
0.05643414333462715148925781250000
0.03067443706095218658447265625000
-0.02722616493701934814453125000000
0.01773204468190670013427734375000
-0.02536472491919994354248046875000
-0.06935916841030120849609375000000
0.01692388951778411865234375000000
0.02919823490083217620849609375000
-0.03275932744145393371582031250000
0.01535141933709383010864257812500
0.00388550804927945137023925781250
0.03672897070646286010742187500000
0.02274817973375320434570312500000
-0.02494926750659942626953125000000
-0.03458788245916366577148437500000
0.00056479661725461483001708984375
-0.02221724204719066619873046875000
-0.01565154828131198883056640625000
0.03587068617343902587890625000000
0.03691433742642402648925781250000
-0.02951068989932537078857421875000
0.00635518971830606460571289062500
0.00371989281848073005676269531250
0.01693287678062915802001953125000
0.00120764679741114377975463867188
0.02422064729034900665283203125000
0.05042257159948348999023437500000
-0.01838007941842079162597656250000
-0.01484757754951715469360351562500
-0.00206711655482649803161621093750
-0.05973846465349197387695312500000
0.03534760326147079467773437500000
0.02654784545302391052246093750000
0.02369474992156028747558593750000
-0.00071097275940701365470886230469
-0.06018713489174842834472656250000
