0.00788572710007429122924804687500
0.00331735517829656600952148437500
0.00815924722701311111450195312500
-0.00062049296684563159942626953125
0.01357824355363845825195312500000
0.00075958820525556802749633789062
-0.00015071930829435586929321289062
0.00490626180544495582580566406250
-0.00328746065497398376464843750000
-0.01154634542763233184814453125000
0.03286860510706901550292968750000
-0.00087905366672202944755554199219
0.00298014422878623008728027343750
-0.00936766527593135833740234375000
-0.00065425405045971274375915527344
0.00610635569319128990173339843750
0.00395382707938551902770996093750
0.00512235844507813453674316406250
0.03996389731764793395996093750000
0.05536342784762382507324218750000
0.00035559348179958760738372802734
0.06099315360188484191894531250000
-0.00291230436414480209350585937500
-0.00722945667803287506103515625000
0.01998214051127433776855468750000
0.00201965938322246074676513671875
-0.00746024353429675102233886718750
0.00478722341358661651611328125000
0.00544944498687982559204101562500
-0.00029813361470587551593780517578
0.04508733749389648437500000000000
-0.00156662205699831247329711914062
0.02260039746761322021484375000000
-0.00575335323810577392578125000000
0.00369642022997140884399414062500
-0.00576705718412995338439941406250
0.03671614080667495727539062500000
-0.00502127269282937049865722656250
0.01838150247931480407714843750000
-0.00858685094863176345825195312500
0.00813221652060747146606445312500
-0.02478511258959770202636718750000
0.04821790754795074462890625000000
-0.00093875557649880647659301757812
0.03953107073903083801269531250000
-0.01407459191977977752685546875000
0.02052291855216026306152343750000
-0.00874656159430742263793945312500
0.00434001488611102104187011718750
0.01157861948013305664062500000000
-0.00978708453476428985595703125000
0.00257481797598302364349365234375
-0.00112544454168528318405151367188
0.00967379566282033920288085937500
0.01434820704162120819091796875000
0.03851175308227539062500000000000
0.00555045995861291885375976562500
-0.00142708851490169763565063476562
0.01094191335141658782958984375000
0.02231000177562236785888671875000
-0.00100191589444875717163085937500
0.00071135320467874407768249511719
-0.00168031686916947364807128906250
0.06027387827634811401367187500000
0.02857398986816406250000000000000
0.03047004342079162597656250000000
0.04338180646300315856933593750000
0.01280446443706750869750976562500
0.02353882789611816406250000000000
0.05786226689815521240234375000000
-0.01196150947362184524536132812500
0.02683636359870433807373046875000
0.02481495216488838195800781250000
-0.03466907143592834472656250000000
0.00918834283947944641113281250000
0.00263017555698752403259277343750
-0.03259656578302383422851562500000
0.02028655074536800384521484375000
-0.00102458009496331214904785156250
-0.00448073633015155792236328125000
0.04304140061140060424804687500000
0.04623092710971832275390625000000
-0.03708013892173767089843750000000
0.01241837069392204284667968750000
0.00828444305807352066040039062500
-0.00275976676493883132934570312500
0.02266374602913856506347656250000
0.00519372476264834403991699218750
0.02453057840466499328613281250000
0.06395988911390304565429687500000
-0.01845642551779747009277343750000
-0.00762323709204792976379394531250
0.02192457951605319976806640625000
-0.02189019136130809783935546875000
-0.02934280037879943847656250000000
0.00590990018099546432495117187500
0.03125785291194915771484375000000
0.01175914704799652099609375000000
-0.06530929356813430786132812500000
0.03317268565297126770019531250000
0.02861530706286430358886718750000
0.01629339344799518585205078125000
0.02483486570417881011962890625000
-0.02253947593271732330322265625000
-0.00409583887085318565368652343750
-0.03858079388737678527832031250000
-0.00961129739880561828613281250000
0.02691086567938327789306640625000
0.02762388624250888824462890625000
0.01452693529427051544189453125000
0.07549659162759780883789062500000
0.01200840715318918228149414062500
0.00011510046897456049919128417969
-0.03019493073225021362304687500000
0.00717862416058778762817382812500
0.04162536561489105224609375000000
0.01585943438112735748291015625000
0.02372110076248645782470703125000
-0.01252165902405977249145507812500
0.01469484437257051467895507812500
0.02352310717105865478515625000000
0.03361447155475616455078125000000
0.01280815899372100830078125000000
0.03446555510163307189941406250000
-0.00339750060811638832092285156250
-0.03026152029633522033691406250000
0.02208138629794120788574218750000
-0.00819042045623064041137695312500
-0.00541219441220164299011230468750
0.03384136781096458435058593750000
-0.06260184198617935180664062500000
0.01340485829859972000122070312500
0.00801930576562881469726562500000
-0.04362591356039047241210937500000
0.02012906037271022796630859375000
-0.01832185126841068267822265625000
0.00749552948400378227233886718750
-0.01548595540225505828857421875000
0.04539129510521888732910156250000
0.06554294377565383911132812500000
-0.01336477790027856826782226562500
-0.03984186053276062011718750000000
0.01010191068053245544433593750000
-0.04680380597710609436035156250000
0.01333442050963640213012695312500
0.05324057862162590026855468750000
0.04835897311568260192871093750000
0.02568871900439262390136718750000
-0.00000197378017219307366758584976
0.01492755673825740814208984375000
0.00067474140087142586708068847656
0.03870479390025138854980468750000
-0.00300534791313111782073974609375
0.01783332042396068572998046875000
0.00597426900640130043029785156250
0.04624561220407485961914062500000
0.06343096494674682617187500000000
-0.00424564862623810768127441406250
-0.01456502638757228851318359375000
-0.00519800325855612754821777343750
0.02645532786846160888671875000000
0.00620437134057283401489257812500
0.01317298877984285354614257812500
0.04534513130784034729003906250000
-0.02415912039577960968017578125000
0.05010908469557762145996093750000
0.01518734917044639587402343750000
-0.00277677527628839015960693359375
0.01279842760413885116577148437500
-0.01907701604068279266357421875000
0.03354179114103317260742187500000
-0.04312361031770706176757812500000
-0.03295217826962471008300781250000
-0.00869637634605169296264648437500
0.01125678792595863342285156250000
0.09251545369625091552734375000000
0.01784636080265045166015625000000
0.02375084906816482543945312500000
-0.00271239713765680789947509765625
0.08523046970367431640625000000000
-0.02206234820187091827392578125000
-0.00086339237168431282043457031250
-0.00708625745028257369995117187500
-0.00430853944271802902221679687500
0.02238767966628074645996093750000
-0.02267022617161273956298828125000
-0.00893762614578008651733398437500
-0.02995990961790084838867187500000
-0.00609861966222524642944335937500
-0.00561651634052395820617675781250
0.01610969007015228271484375000000
-0.00547267915681004524230957031250
