-0.10382759571075439453125000000000
-0.00217019999399781227111816406250
-0.09744683653116226196289062500000
0.05963382124900817871093750000000
-0.06884644925594329833984375000000
0.05220820754766464233398437500000
0.18036921322345733642578125000000
-0.05911455675959587097167968750000
0.03149961680173873901367187500000
-0.14237084984779357910156250000000
0.08485191315412521362304687500000
0.17270080745220184326171875000000
-0.13115437328815460205078125000000
-0.16172225773334503173828125000000
-0.11427916586399078369140625000000
-0.04683441668748855590820312500000
0.12509249150753021240234375000000
-0.18122866749763488769531250000000
-0.00174652750138193368911743164062
-0.04375218600034713745117187500000
-0.02685276046395301818847656250000
-0.22044025361537933349609375000000
-0.03387174382805824279785156250000
0.05430505052208900451660156250000
0.08984705805778503417968750000000
-0.07896900177001953125000000000000
0.13763315975666046142578125000000
-0.08591383695602416992187500000000
-0.05586918815970420837402343750000
0.06660539656877517700195312500000
-0.23638539016246795654296875000000
0.04498095065355300903320312500000
-0.08595035970211029052734375000000
-0.02358372136950492858886718750000
-0.11383951455354690551757812500000
0.10622707009315490722656250000000
0.14465768635272979736328125000000
0.10630716383457183837890625000000
-0.12302693724632263183593750000000
0.03858006745576858520507812500000
0.17291446030139923095703125000000
0.04342995956540107727050781250000
-0.02877604961395263671875000000000
0.09575930982828140258789062500000
-0.12822268903255462646484375000000
-0.04133963957428932189941406250000
0.05890975147485733032226562500000
0.06945172697305679321289062500000
-0.24994388222694396972656250000000
0.12328857928514480590820312500000
-0.05696703866124153137207031250000
0.05884030833840370178222656250000
-0.14776062965393066406250000000000
0.12216509133577346801757812500000
0.11415643244981765747070312500000
0.08998306095600128173828125000000
0.06181672587990760803222656250000
0.01183387357741594314575195312500
-0.06613968312740325927734375000000
0.03901028260588645935058593750000
0.10218807309865951538085937500000
0.11103516817092895507812500000000
-0.00993870012462139129638671875000
-0.14760693907737731933593750000000
-0.00030064486782066524028778076172
0.18213605880737304687500000000000
0.13412928581237792968750000000000
0.16701561212539672851562500000000
-0.24720668792724609375000000000000
-0.02680594474077224731445312500000
-0.10070475935935974121093750000000
-0.16208799183368682861328125000000
0.24385143816471099853515625000000
-0.11071981489658355712890625000000
-0.07469128817319869995117187500000
-0.09896348416805267333984375000000
0.14149866998195648193359375000000
-0.06215421482920646667480468750000
0.01979204639792442321777343750000
0.12450464814901351928710937500000
0.22682918608188629150390625000000
0.06541400402784347534179687500000
-0.06609483808279037475585937500000
0.07694689929485321044921875000000
0.00755571760237216949462890625000
-0.10728766024112701416015625000000
-0.08968359231948852539062500000000
0.08317518979310989379882812500000
0.13351100683212280273437500000000
-0.19505193829536437988281250000000
-0.08911608159542083740234375000000
-0.13973329961299896240234375000000
0.04126722738146781921386718750000
0.06025398522615432739257812500000
0.00607094308361411094665527343750
-0.06243726238608360290527343750000
0.10614646226167678833007812500000
0.09116833657026290893554687500000
-0.20519962906837463378906250000000
0.09058373421430587768554687500000
0.12747286260128021240234375000000
-0.10403087735176086425781250000000
-0.02092606201767921447753906250000
0.12703558802604675292968750000000
-0.19488708674907684326171875000000
-0.03249298036098480224609375000000
-0.18940502405166625976562500000000
0.03701676055788993835449218750000
-0.20825532078742980957031250000000
0.24752447009086608886718750000000
-0.07438342273235321044921875000000
-0.10310966521501541137695312500000
0.04671041667461395263671875000000
-0.03793117031455039978027343750000
0.08785974234342575073242187500000
-0.07376046478748321533203125000000
0.00747875310480594635009765625000
0.05966187641024589538574218750000
0.13108208775520324707031250000000
0.10207424312829971313476562500000
-0.01280066091567277908325195312500
-0.06649850308895111083984375000000
0.17500653862953186035156250000000
0.15778861939907073974609375000000
-0.02787296660244464874267578125000
0.02264319360256195068359375000000
-0.01094160135835409164428710937500
-0.09773774445056915283203125000000
0.17388100922107696533203125000000
-0.10802219808101654052734375000000
0.12631517648696899414062500000000
0.10260394960641860961914062500000
0.12393822520971298217773437500000
-0.14965750277042388916015625000000
-0.01747977547347545623779296875000
-0.19182048738002777099609375000000
0.10232937335968017578125000000000
0.19196489453315734863281250000000
-0.15864191949367523193359375000000
-0.19443735480308532714843750000000
-0.17112223803997039794921875000000
0.12790261209011077880859375000000
-0.10000328719615936279296875000000
-0.11678619682788848876953125000000
-0.00558430794626474380493164062500
0.05255235731601715087890625000000
0.07686948776245117187500000000000
0.03251708298921585083007812500000
0.09806609153747558593750000000000
-0.08018478006124496459960937500000
0.25379595160484313964843750000000
-0.03745004534721374511718750000000
-0.10775924474000930786132812500000
0.17739437520503997802734375000000
0.15664629638195037841796875000000
0.06139946728944778442382812500000
0.02580868266522884368896484375000
0.10480412840843200683593750000000
-0.12209744006395339965820312500000
0.00923849176615476608276367187500
0.12329487502574920654296875000000
-0.07530948519706726074218750000000
-0.08127306401729583740234375000000
0.01023750659078359603881835937500
0.12171530723571777343750000000000
-0.09533850103616714477539062500000
0.00859472248703241348266601562500
-0.16247081756591796875000000000000
0.07240311056375503540039062500000
-0.17537669837474822998046875000000
0.11225097626447677612304687500000
0.07963450998067855834960937500000
0.01120591815561056137084960937500
-0.05921456962823867797851562500000
-0.02274807915091514587402343750000
0.02543664723634719848632812500000
0.00360835040919482707977294921875
-0.24425625801086425781250000000000
-0.19421860575675964355468750000000
-0.04163313657045364379882812500000
-0.13791097700595855712890625000000
0.06765355169773101806640625000000
-0.03573109954595565795898437500000
0.13237684965133666992187500000000
-0.04838630184531211853027343750000
0.05054635927081108093261718750000
0.09421008080244064331054687500000
0.05952844023704528808593750000000
-0.14306065440177917480468750000000
-0.14662885665893554687500000000000
0.10598810762166976928710937500000
-0.21481610834598541259765625000000
-0.12334389984607696533203125000000
0.08427983522415161132812500000000
0.22730793058872222900390625000000
-0.07881671935319900512695312500000
-0.00697694299742579460144042968750
-0.07763685286045074462890625000000
0.03567667677998542785644531250000
-0.12209057062864303588867187500000
0.06089625880122184753417968750000
-0.05659953877329826354980468750000
0.00290887150913476943969726562500
-0.19162501394748687744140625000000
-0.23898112773895263671875000000000
-0.13684841990470886230468750000000
0.04080079123377799987792968750000
-0.09104205667972564697265625000000
-0.16435360908508300781250000000000
0.04135989397764205932617187500000
0.16018502414226531982421875000000
0.08132307976484298706054687500000
0.18108491599559783935546875000000
0.07899683713912963867187500000000
-0.17952370643615722656250000000000
0.04240567609667778015136718750000
-0.00847793277353048324584960937500
0.00478540174663066864013671875000
0.00426493026316165924072265625000
-0.01306371483951807022094726562500
-0.00113868794869631528854370117188
0.12226580828428268432617187500000
-0.12430885434150695800781250000000
-0.13484388589859008789062500000000
0.08300203084945678710937500000000
0.23709674179553985595703125000000
-0.22431787848472595214843750000000
-0.02081129513680934906005859375000
0.04699560627341270446777343750000
-0.13367313146591186523437500000000
0.05895124003291130065917968750000
0.11391434073448181152343750000000
0.03376551344990730285644531250000
0.16120460629463195800781250000000
-0.10377993434667587280273437500000
0.04902612417936325073242187500000
-0.26543137431144714355468750000000
-0.05611174926161766052246093750000
0.06894551217555999755859375000000
-0.04237221553921699523925781250000
0.06862227618694305419921875000000
-0.02387945353984832763671875000000
0.02090490981936454772949218750000
-0.02936538495123386383056640625000
-0.10391456633806228637695312500000
0.14847958087921142578125000000000
-0.00689356029033660888671875000000
0.01931003481149673461914062500000
0.08099265396595001220703125000000
-0.04144133254885673522949218750000
0.06846781820058822631835937500000
-0.12358571588993072509765625000000
0.09528852254152297973632812500000
-0.18030074238777160644531250000000
-0.16808000206947326660156250000000
0.18924075365066528320312500000000
-0.07423243671655654907226562500000
-0.01617422513663768768310546875000
-0.19802358746528625488281250000000
-0.15262399613857269287109375000000
0.09966456145048141479492187500000
0.05052632465958595275878906250000
0.18057174980640411376953125000000
0.11469820141792297363281250000000
0.01522791665047407150268554687500
-0.14208696782588958740234375000000
-0.14599511027336120605468750000000
-0.03731851652264595031738281250000
-0.08758863806724548339843750000000
0.11390680819749832153320312500000
-0.14567434787750244140625000000000
-0.10005195438861846923828125000000
0.07251723855733871459960937500000
-0.13931545615196228027343750000000
0.20475663244724273681640625000000
-0.03863766416907310485839843750000
-0.18410536646842956542968750000000
0.03063654899597167968750000000000
-0.12026467174291610717773437500000
0.04788621142506599426269531250000
-0.05946592614054679870605468750000
-0.07541840523481369018554687500000
-0.09429033845663070678710937500000
-0.00097273301798850297927856445312
-0.04985507577657699584960937500000
-0.12755641341209411621093750000000
0.17287942767143249511718750000000
-0.00906158797442913055419921875000
0.09855646640062332153320312500000
-0.00857428554445505142211914062500
0.02252483181655406951904296875000
0.03654925152659416198730468750000
0.10305667668581008911132812500000
0.06612496823072433471679687500000
0.06784438341856002807617187500000
-0.03474442660808563232421875000000
0.12210188806056976318359375000000
0.15025961399078369140625000000000
-0.10279879719018936157226562500000
0.07690803706645965576171875000000
0.07066033780574798583984375000000
0.13512882590293884277343750000000
-0.00343826692551374435424804687500
-0.06503248959779739379882812500000
0.08544035255908966064453125000000
-0.14520926773548126220703125000000
-0.19677375257015228271484375000000
0.00676669552922248840332031250000
0.03472257405519485473632812500000
-0.10172911733388900756835937500000
0.13844037055969238281250000000000
0.20338757336139678955078125000000
-0.03193791955709457397460937500000
-0.09482829272747039794921875000000
-0.14690545201301574707031250000000
0.15005558729171752929687500000000
0.11740687489509582519531250000000
-0.08257734775543212890625000000000
-0.02278854325413703918457031250000
0.07103377580642700195312500000000
-0.11103772372007369995117187500000
-0.03658165782690048217773437500000
0.03705821931362152099609375000000
-0.02349605783820152282714843750000
-0.20488402247428894042968750000000
-0.31414836645126342773437500000000
-0.03781980276107788085937500000000
0.14173986017704010009765625000000
0.03611499443650245666503906250000
0.06823041290044784545898437500000
-0.02242308109998703002929687500000
-0.04794866591691970825195312500000
-0.09155058860778808593750000000000
-0.10176920145750045776367187500000
-0.21221421658992767333984375000000
0.03923984616994857788085937500000
-0.05066860839724540710449218750000
-0.14975437521934509277343750000000
0.03031958080828189849853515625000
0.19035333395004272460937500000000
-0.00821054354310035705566406250000
-0.05375777557492256164550781250000
-0.12766888737678527832031250000000
0.08089800179004669189453125000000
0.00985542032867670059204101562500
0.20514556765556335449218750000000
-0.09990042448043823242187500000000
0.04710796475410461425781250000000
0.04972637072205543518066406250000
0.03789754956960678100585937500000
0.03934659808874130249023437500000
0.02229230292141437530517578125000
0.18662738800048828125000000000000
0.03141931071877479553222656250000
-0.17594686150550842285156250000000
-0.18603050708770751953125000000000
0.11612612009048461914062500000000
-0.14444950222969055175781250000000
0.11644133180379867553710937500000
-0.21017690002918243408203125000000
0.08290310204029083251953125000000
-0.10412709414958953857421875000000
0.14766409993171691894531250000000
0.02870937623083591461181640625000
0.06361452490091323852539062500000
0.01486408058553934097290039062500
0.02362240664660930633544921875000
0.00787096749991178512573242187500
0.03563131764531135559082031250000
0.16608689725399017333984375000000
-0.05400890111923217773437500000000
-0.14055882394313812255859375000000
0.17639456689357757568359375000000
0.08645797520875930786132812500000
0.13825415074825286865234375000000
-0.09844966977834701538085937500000
0.06275399774312973022460937500000
0.16188162565231323242187500000000
0.08211756497621536254882812500000
-0.01164807286113500595092773437500
-0.01632444187998771667480468750000
-0.06032131984829902648925781250000
0.00859586428850889205932617187500
0.02765804529190063476562500000000
-0.00747540313750505447387695312500
0.09168383479118347167968750000000
0.19230420887470245361328125000000
0.06393054872751235961914062500000
0.06590419262647628784179687500000
0.10543010383844375610351562500000
-0.06682183593511581420898437500000
-0.19545842707157135009765625000000
0.08489428460597991943359375000000
0.09565915912389755249023437500000
-0.01233822200447320938110351562500
0.10313699394464492797851562500000
-0.18673343956470489501953125000000
0.08876205980777740478515625000000
0.07713922858238220214843750000000
0.20997774600982666015625000000000
-0.12936832010746002197265625000000
0.11031363904476165771484375000000
0.02439028397202491760253906250000
-0.07658831030130386352539062500000
0.06324628740549087524414062500000
0.01039453875273466110229492187500
-0.08408074080944061279296875000000
-0.11943441629409790039062500000000
-0.04331002384424209594726562500000
-0.06350054591894149780273437500000
0.10638311505317687988281250000000
0.06625307351350784301757812500000
0.03780134767293930053710937500000
-0.13808874785900115966796875000000
0.03887461498379707336425781250000
-0.16300624608993530273437500000000
-0.12032202631235122680664062500000
0.02445175684988498687744140625000
0.00777583988383412361145019531250
-0.08147742599248886108398437500000
-0.11846330761909484863281250000000
-0.00472507299855351448059082031250
0.14056941866874694824218750000000
-0.04111840575933456420898437500000
-0.08758425712585449218750000000000
0.25293835997581481933593750000000
-0.01841508224606513977050781250000
0.02700760960578918457031250000000
0.10603594034910202026367187500000
-0.03598808869719505310058593750000
0.11269197613000869750976562500000
0.07638742774724960327148437500000
-0.13427615165710449218750000000000
-0.04597895964980125427246093750000
0.18923708796501159667968750000000
0.02739646099507808685302734375000
0.17350518703460693359375000000000
0.03098668530583381652832031250000
-0.21995083987712860107421875000000
0.13477639853954315185546875000000
-0.03392653539776802062988281250000
-0.06400214880704879760742187500000
-0.14521667361259460449218750000000
0.08192508667707443237304687500000
-0.05135858431458473205566406250000
-0.10229350626468658447265625000000
-0.03228687494993209838867187500000
-0.00643329462036490440368652343750
0.16445368528366088867187500000000
-0.09827314317226409912109375000000
-0.07065580785274505615234375000000
-0.15276330709457397460937500000000
0.04345749691128730773925781250000
0.02743348479270935058593750000000
-0.13455589115619659423828125000000
-0.12508036196231842041015625000000
-0.01486660353839397430419921875000
0.10103306174278259277343750000000
-0.00624155998229980468750000000000
0.04381489008665084838867187500000
0.03540598228573799133300781250000
0.10195954144001007080078125000000
0.15791863203048706054687500000000
-0.15825833380222320556640625000000
-0.17273277044296264648437500000000
0.20518220961093902587890625000000
-0.04416687786579132080078125000000
0.03773225471377372741699218750000
0.16916738450527191162109375000000
-0.03131666779518127441406250000000
0.12368303537368774414062500000000
0.23336884379386901855468750000000
-0.05108390375971794128417968750000
0.16819486021995544433593750000000
0.04210663959383964538574218750000
0.02489051595330238342285156250000
-0.13698424398899078369140625000000
-0.09164175391197204589843750000000
0.14168357849121093750000000000000
0.06063464656472206115722656250000
-0.14641284942626953125000000000000
-0.12696388363838195800781250000000
-0.08626893162727355957031250000000
0.13261421024799346923828125000000
-0.04645203799009323120117187500000
-0.04295145347714424133300781250000
-0.07803239673376083374023437500000
0.15345977246761322021484375000000
-0.18704415857791900634765625000000
-0.15382213890552520751953125000000
-0.14145103096961975097656250000000
-0.00785787682980298995971679687500
0.00582170253619551658630371093750
0.02536486834287643432617187500000
-0.14085829257965087890625000000000
-0.19371570646762847900390625000000
0.06294774264097213745117187500000
0.04579480737447738647460937500000
0.19705891609191894531250000000000
-0.02190969325602054595947265625000
-0.06369809061288833618164062500000
0.12929119169712066650390625000000
-0.10676464438438415527343750000000
-0.00510152382776141166687011718750
0.09779978543519973754882812500000
-0.00224486831575632095336914062500
0.07122843712568283081054687500000
0.20503622293472290039062500000000
-0.03685163706541061401367187500000
-0.11249189078807830810546875000000
0.03568031266331672668457031250000
0.05855052545666694641113281250000
0.12210738658905029296875000000000
0.16304354369640350341796875000000
0.15833796560764312744140625000000
-0.04644084349274635314941406250000
0.05847846716642379760742187500000
0.19608005881309509277343750000000
0.13130582869052886962890625000000
0.04255597293376922607421875000000
0.17739488184452056884765625000000
0.12044117599725723266601562500000
-0.10063831508159637451171875000000
-0.12243188172578811645507812500000
0.19931907951831817626953125000000
0.11910168826580047607421875000000
0.04379680752754211425781250000000
0.25844573974609375000000000000000
-0.03200559318065643310546875000000
0.04829889535903930664062500000000
0.04312352463603019714355468750000
-0.05487429350614547729492187500000
0.08923262357711791992187500000000
-0.18210567533969879150390625000000
0.08580328524112701416015625000000
0.04078076407313346862792968750000
-0.07795841246843338012695312500000
-0.10056997835636138916015625000000
0.05101324990391731262207031250000
0.10433773696422576904296875000000
0.09190230071544647216796875000000
-0.12090926617383956909179687500000
0.07635301351547241210937500000000
0.13460102677345275878906250000000
0.18347139656543731689453125000000
-0.05215326324105262756347656250000
-0.02737374044954776763916015625000
0.14336143434047698974609375000000
0.01697173900902271270751953125000
0.09419959783554077148437500000000
-0.05143310502171516418457031250000
-0.16613937914371490478515625000000
-0.20673902332782745361328125000000
0.06613279134035110473632812500000
-0.04737001657485961914062500000000
-0.18968465924263000488281250000000
0.08726877719163894653320312500000
0.04844995588064193725585937500000
-0.00402409816160798072814941406250
0.04131837934255599975585937500000
0.21663139760494232177734375000000
-0.12312693893909454345703125000000
0.11239937692880630493164062500000
0.00683568231761455535888671875000
0.02415692619979381561279296875000
-0.04883899167180061340332031250000
0.01384505908936262130737304687500
-0.07017325609922409057617187500000
-0.06347779184579849243164062500000
-0.10121007263660430908203125000000
-0.18515196442604064941406250000000
0.08606268465518951416015625000000
0.08927611261606216430664062500000
-0.03643368557095527648925781250000
0.00501211173832416534423828125000
0.11089896410703659057617187500000
-0.16118553280830383300781250000000
0.05547411367297172546386718750000
0.12034935504198074340820312500000
-0.10633266717195510864257812500000
-0.04158715903759002685546875000000
0.07913172990083694458007812500000
-0.15979887545108795166015625000000
0.11316791921854019165039062500000
-0.00284764170646667480468750000000
0.19101716578006744384765625000000
0.02457186579704284667968750000000
-0.02750668860971927642822265625000
0.11620536446571350097656250000000
0.14203311502933502197265625000000
0.04178938269615173339843750000000
0.13617473840713500976562500000000
-0.10326049476861953735351562500000
-0.03952489420771598815917968750000
-0.01001052558422088623046875000000
-0.00973599497228860855102539062500
0.01878838241100311279296875000000
-0.05023619905114173889160156250000
0.14985391497611999511718750000000
-0.01618156768381595611572265625000
0.15236684679985046386718750000000
0.06003964692354202270507812500000
-0.18209612369537353515625000000000
0.02121269889175891876220703125000
-0.02758190408349037170410156250000
-0.16128018498420715332031250000000
0.10387027263641357421875000000000
0.18037906289100646972656250000000
0.13159520924091339111328125000000
-0.00845608953386545181274414062500
0.17770026624202728271484375000000
0.12062426656484603881835937500000
0.04449840262532234191894531250000
0.01632337272167205810546875000000
0.15049619972705841064453125000000
-0.06619217246770858764648437500000
0.12130396813154220581054687500000
-0.04363067820668220520019531250000
0.10015071928501129150390625000000
0.08949257433414459228515625000000
0.08233911544084548950195312500000
0.00259772269055247306823730468750
0.19616328179836273193359375000000
-0.23043896257877349853515625000000
0.10030911117792129516601562500000
-0.05767654255032539367675781250000
-0.06049557402729988098144531250000
-0.08722141385078430175781250000000
-0.10181800276041030883789062500000
0.00863040890544652938842773437500
-0.01804459467530250549316406250000
-0.05409088730812072753906250000000
-0.10697022080421447753906250000000
0.22495700418949127197265625000000
0.01611449196934700012207031250000
0.15287357568740844726562500000000
0.15783385932445526123046875000000
0.00303220585919916629791259765625
-0.03936019167304039001464843750000
0.00333715206943452358245849609375
-0.00196922221221029758453369140625
0.18578912317752838134765625000000
0.02483621798455715179443359375000
-0.06869019567966461181640625000000
-0.14004209637641906738281250000000
0.03216816857457160949707031250000
-0.07632339745759963989257812500000
0.00013612523616757243871688842773
0.07363647967576980590820312500000
0.06008386611938476562500000000000
-0.03274682909250259399414062500000
0.16458927094936370849609375000000
-0.04426188766956329345703125000000
-0.02399135380983352661132812500000
-0.08722928911447525024414062500000
0.04698501527309417724609375000000
0.04487637057900428771972656250000
0.14111547172069549560546875000000
-0.14579701423645019531250000000000
0.09260909259319305419921875000000
-0.20410589873790740966796875000000
0.01926359720528125762939453125000
0.02932778187096118927001953125000
-0.08154460787773132324218750000000
-0.12559770047664642333984375000000
0.09648416936397552490234375000000
-0.11466171592473983764648437500000
0.09154106676578521728515625000000
-0.03493371978402137756347656250000
-0.03242259100079536437988281250000
0.03567634895443916320800781250000
-0.03444183617830276489257812500000
-0.14563986659049987792968750000000
-0.17578388750553131103515625000000
0.12251339852809906005859375000000
0.10239893943071365356445312500000
-0.03411372750997543334960937500000
-0.08817238360643386840820312500000
-0.18344579637050628662109375000000
0.07162097841501235961914062500000
0.06245326995849609375000000000000
0.04561616480350494384765625000000
-0.01086828671395778656005859375000
0.09090172499418258666992187500000
-0.15756657719612121582031250000000
0.14320692420005798339843750000000
-0.13636748492717742919921875000000
-0.11123400181531906127929687500000
0.01637360453605651855468750000000
-0.04945862665772438049316406250000
-0.09556352347135543823242187500000
-0.11270312964916229248046875000000
-0.12636433541774749755859375000000
0.00984836462885141372680664062500
0.01464174408465623855590820312500
0.05601201951503753662109375000000
0.13493962585926055908203125000000
-0.21936245262622833251953125000000
0.06562273204326629638671875000000
-0.08297649025917053222656250000000
0.21555168926715850830078125000000
0.04507102072238922119140625000000
0.05550531297922134399414062500000
-0.09074505418539047241210937500000
-0.12435941398143768310546875000000
0.16813963651657104492187500000000
-0.13798443973064422607421875000000
-0.07294941693544387817382812500000
-0.15605960786342620849609375000000
0.09943001717329025268554687500000
-0.19845779240131378173828125000000
-0.01465996727347373962402343750000
-0.10255812853574752807617187500000
-0.15999606251716613769531250000000
-0.22596481442451477050781250000000
0.04769676178693771362304687500000
0.10196046531200408935546875000000
0.11375121772289276123046875000000
0.05378891527652740478515625000000
0.00780999660491943359375000000000
0.16135783493518829345703125000000
-0.02838238142430782318115234375000
0.14543308317661285400390625000000
0.10809988528490066528320312500000
0.11772280186414718627929687500000
-0.00845865998417139053344726562500
0.04341894015669822692871093750000
0.07649328559637069702148437500000
-0.10934477299451828002929687500000
0.00773590058088302612304687500000
-0.05690824612975120544433593750000
-0.06295374780893325805664062500000
0.06844039261341094970703125000000
0.00899064820259809494018554687500
-0.03373084962368011474609375000000
0.12799860537052154541015625000000
-0.21049262583255767822265625000000
0.07776999473571777343750000000000
0.03853190317749977111816406250000
0.10807615518569946289062500000000
-0.20946772396564483642578125000000
-0.00883027631789445877075195312500
-0.09731613099575042724609375000000
0.11444685608148574829101562500000
-0.05189621821045875549316406250000
-0.00952545832842588424682617187500
-0.01419826038181781768798828125000
-0.04247464239597320556640625000000
0.18789707124233245849609375000000
-0.02937877178192138671875000000000
0.00710199633613228797912597656250
0.12536390125751495361328125000000
0.05230451747775077819824218750000
0.14057777822017669677734375000000
-0.05481847003102302551269531250000
-0.20927330851554870605468750000000
0.21230645477771759033203125000000
-0.03741698712110519409179687500000
-0.07492026686668395996093750000000
0.14690466225147247314453125000000
-0.11719296127557754516601562500000
-0.04007381945848464965820312500000
-0.14294709265232086181640625000000
0.02151324786245822906494140625000
0.02134193666279315948486328125000
-0.08334505558013916015625000000000
0.18126899003982543945312500000000
-0.14385204017162322998046875000000
-0.12866042554378509521484375000000
0.02760336361825466156005859375000
0.12174430489540100097656250000000
-0.01539486367255449295043945312500
-0.01219155546277761459350585937500
0.00684214383363723754882812500000
0.09342899918556213378906250000000
0.05698651075363159179687500000000
0.12315890938043594360351562500000
-0.07644231617450714111328125000000
0.08411532640457153320312500000000
0.09511154890060424804687500000000
0.08825638145208358764648437500000
-0.04447609931230545043945312500000
-0.05074100568890571594238281250000
-0.18331232666969299316406250000000
0.16340628266334533691406250000000
0.09793509542942047119140625000000
-0.03016972728073596954345703125000
-0.11533773690462112426757812500000
0.14637470245361328125000000000000
-0.01582910120487213134765625000000
0.00423752143979072570800781250000
-0.06160379573702812194824218750000
-0.03469127789139747619628906250000
0.10820478945970535278320312500000
-0.08340580761432647705078125000000
0.08999418467283248901367187500000
-0.11755278706550598144531250000000
0.04429436475038528442382812500000
-0.08249033987522125244140625000000
0.19250005483627319335937500000000
0.02602653391659259796142578125000
0.07286468893289566040039062500000
0.10728450119495391845703125000000
0.06077712401747703552246093750000
-0.08578147739171981811523437500000
-0.07889692485332489013671875000000
0.00719387875869870185852050781250
0.08282560855150222778320312500000
0.13494549691677093505859375000000
0.05697604268789291381835937500000
-0.00252256938256323337554931640625
0.09062480926513671875000000000000
0.17054618895053863525390625000000
0.15321573615074157714843750000000
-0.10456511378288269042968750000000
0.05595338344573974609375000000000
-0.11350111663341522216796875000000
0.16009342670440673828125000000000
0.08906186372041702270507812500000
0.16584213078022003173828125000000
-0.01381064765155315399169921875000
0.00730226561427116394042968750000
-0.06201924011111259460449218750000
-0.13116651773452758789062500000000
-0.04248372837901115417480468750000
-0.15326826274394989013671875000000
0.04085104167461395263671875000000
0.03443567827343940734863281250000
-0.10046455264091491699218750000000
-0.09196503460407257080078125000000
-0.03157879039645195007324218750000
-0.01789422146975994110107421875000
0.09224831312894821166992187500000
0.06238925084471702575683593750000
0.12310852855443954467773437500000
-0.10323859006166458129882812500000
-0.08256899565458297729492187500000
-0.21351972222328186035156250000000
0.10031933337450027465820312500000
-0.03832495957612991333007812500000
0.14061158895492553710937500000000
0.06374507397413253784179687500000
0.06029720231890678405761718750000
0.04038825631141662597656250000000
0.10954330861568450927734375000000
0.06384483724832534790039062500000
0.04578913748264312744140625000000
-0.15589703619480133056640625000000
-0.00320733222179114818572998046875
-0.05865260586142539978027343750000
-0.07502847164869308471679687500000
-0.03942049667239189147949218750000
-0.03854046016931533813476562500000
-0.06855364143848419189453125000000
0.10320305079221725463867187500000
0.04993245005607604980468750000000
-0.18087330460548400878906250000000
0.08475112915039062500000000000000
-0.07765161246061325073242187500000
0.03735909610986709594726562500000
-0.02887574210762977600097656250000
-0.02000207267701625823974609375000
-0.04717529192566871643066406250000
0.06085536628961563110351562500000
0.06520892679691314697265625000000
0.01182058081030845642089843750000
-0.19607846438884735107421875000000
-0.00842860992997884750366210937500
0.15015406906604766845703125000000
-0.05302644520998001098632812500000
-0.08975828438997268676757812500000
0.01142515800893306732177734375000
-0.14318791031837463378906250000000
0.11927931010723114013671875000000
0.15058560669422149658203125000000
-0.22412522137165069580078125000000
-0.17961922287940979003906250000000
0.15592432022094726562500000000000
-0.03292882069945335388183593750000
-0.01850775070488452911376953125000
0.05472443252801895141601562500000
0.10213134437799453735351562500000
0.03031842410564422607421875000000
0.07574759423732757568359375000000
0.15598313510417938232421875000000
-0.20948083698749542236328125000000
0.06224007159471511840820312500000
0.07401216775178909301757812500000
0.00350230955518782138824462890625
-0.09072309732437133789062500000000
-0.15923042595386505126953125000000
0.16688357293605804443359375000000
-0.02516458183526992797851562500000
-0.05777071416378021240234375000000
0.07173388451337814331054687500000
0.06889463216066360473632812500000
0.25935247540473937988281250000000
-0.12228891253471374511718750000000
0.04647361487150192260742187500000
-0.04175199940800666809082031250000
0.19697369635105133056640625000000
0.07536414265632629394531250000000
0.15118168294429779052734375000000
-0.09861356019973754882812500000000
0.02388858050107955932617187500000
-0.17481386661529541015625000000000
0.04729672521352767944335937500000
0.04773181676864624023437500000000
-0.07847081124782562255859375000000
-0.16204504668712615966796875000000
0.13946250081062316894531250000000
-0.00023057934595271944999694824219
0.20004883408546447753906250000000
-0.12229727208614349365234375000000
-0.13813219964504241943359375000000
0.00452820211648941040039062500000
-0.03624829277396202087402343750000
0.05292393267154693603515625000000
-0.11021248996257781982421875000000
-0.07749319076538085937500000000000
0.14179654419422149658203125000000
0.11956703662872314453125000000000
0.18368369340896606445312500000000
0.07926335185766220092773437500000
-0.12870424985885620117187500000000
-0.02915397286415100097656250000000
0.14675897359848022460937500000000
0.20734548568725585937500000000000
0.08809700608253479003906250000000
0.01307082176208496093750000000000
-0.12240562587976455688476562500000
0.10467492789030075073242187500000
0.09429642558097839355468750000000
-0.01296498812735080718994140625000
-0.07598701119422912597656250000000
0.19082537293434143066406250000000
-0.06659150123596191406250000000000
0.10910447686910629272460937500000
-0.00431691296398639678955078125000
-0.08907318860292434692382812500000
-0.09609739482402801513671875000000
0.11944472789764404296875000000000
0.05705514550209045410156250000000
0.04638421162962913513183593750000
-0.04899645969271659851074218750000
-0.07920011878013610839843750000000
0.06563913822174072265625000000000
-0.04617813229560852050781250000000
-0.06545640528202056884765625000000
-0.02080187201499938964843750000000
0.02762462571263313293457031250000
0.01143880002200603485107421875000
0.15689633786678314208984375000000
0.21240395307540893554687500000000
0.21730968356132507324218750000000
0.09190517663955688476562500000000
-0.09092307090759277343750000000000
0.14224429428577423095703125000000
0.08054448664188385009765625000000
0.24688160419464111328125000000000
-0.19934320449829101562500000000000
-0.03519231081008911132812500000000
-0.00761295948177576065063476562500
-0.05434433743357658386230468750000
0.07910884171724319458007812500000
-0.03438852354884147644042968750000
-0.20998343825340270996093750000000
0.20938314497470855712890625000000
0.03431582078337669372558593750000
0.07175645232200622558593750000000
-0.00727929500862956047058105468750
-0.11000361293554306030273437500000
-0.07864663004875183105468750000000
-0.10896294564008712768554687500000
-0.10993971675634384155273437500000
-0.23231703042984008789062500000000
0.03114932589232921600341796875000
0.05925710499286651611328125000000
0.14983913302421569824218750000000
0.22651979327201843261718750000000
0.00306970975361764430999755859375
0.17285518348217010498046875000000
-0.14335502684116363525390625000000
-0.24876147508621215820312500000000
0.04584817960858345031738281250000
0.12851345539093017578125000000000
0.07163155078887939453125000000000
0.11036556214094161987304687500000
-0.01616647467017173767089843750000
0.03908587992191314697265625000000
-0.13013055920600891113281250000000
0.16004236042499542236328125000000
0.06209187209606170654296875000000
-0.10914625972509384155273437500000
0.12632916867733001708984375000000
-0.02263661846518516540527343750000
0.02738137915730476379394531250000
0.01832770183682441711425781250000
0.16185051202774047851562500000000
-0.03438222408294677734375000000000
0.00593887036666274070739746093750
0.11484587192535400390625000000000
0.04784249141812324523925781250000
-0.18448525667190551757812500000000
0.16717028617858886718750000000000
0.12417789548635482788085937500000
0.19651708006858825683593750000000
0.04081250727176666259765625000000
0.10246652364730834960937500000000
-0.16644358634948730468750000000000
-0.04424196109175682067871093750000
-0.15083284676074981689453125000000
-0.04667101055383682250976562500000
-0.13672672212123870849609375000000
0.03857665136456489562988281250000
0.09366355836391448974609375000000
0.01092739962041378021240234375000
-0.08072741329669952392578125000000
-0.02689099684357643127441406250000
-0.07767271250486373901367187500000
0.03213333711028099060058593750000
0.04370916634798049926757812500000
0.03900008648633956909179687500000
-0.02703574113547801971435546875000
0.11457473039627075195312500000000
-0.13624022901058197021484375000000
-0.01328824460506439208984375000000
-0.03789839148521423339843750000000
0.14517940580844879150390625000000
0.00793086644262075424194335937500
-0.00459990650415420532226562500000
-0.10863818973302841186523437500000
0.08640863746404647827148437500000
-0.19077968597412109375000000000000
-0.04250343888998031616210937500000
-0.15085327625274658203125000000000
0.18453182280063629150390625000000
-0.19395184516906738281250000000000
0.07467810064554214477539062500000
-0.08809240907430648803710937500000
-0.04493156448006629943847656250000
0.04034858942031860351562500000000
-0.13030934333801269531250000000000
0.05337112769484519958496093750000
-0.11751510947942733764648437500000
0.00386578124016523361206054687500
-0.13765732944011688232421875000000
-0.24582596123218536376953125000000
-0.00485608633607625961303710937500
-0.09046928584575653076171875000000
0.11486154049634933471679687500000
-0.04376272112131118774414062500000
-0.04147158935666084289550781250000
-0.02502970024943351745605468750000
-0.08896316587924957275390625000000
-0.04389557242393493652343750000000
0.00755179394036531448364257812500
-0.17068970203399658203125000000000
0.26638057827949523925781250000000
0.09069166332483291625976562500000
-0.06896890699863433837890625000000
-0.05326699838042259216308593750000
0.02433577552437782287597656250000
-0.12353054434061050415039062500000
-0.13157297670841217041015625000000
-0.09236670285463333129882812500000
-0.19788709282875061035156250000000
-0.06907688826322555541992187500000
0.11667936295270919799804687500000
0.08512938022613525390625000000000
-0.10160552710294723510742187500000
-0.15864551067352294921875000000000
-0.09423896670341491699218750000000
0.16373762488365173339843750000000
0.04394232854247093200683593750000
0.09658589214086532592773437500000
-0.16416221857070922851562500000000
-0.03576091676950454711914062500000
0.07968752831220626831054687500000
-0.04628593474626541137695312500000
0.03897912800312042236328125000000
0.05768223479390144348144531250000
0.03356133028864860534667968750000
-0.09019112586975097656250000000000
-0.04621319472789764404296875000000
0.02560779452323913574218750000000
-0.18790601193904876708984375000000
-0.21280732750892639160156250000000
-0.02404574863612651824951171875000
-0.00004686212196247652173042297363
0.03016508370637893676757812500000
-0.01583538949489593505859375000000
0.03426589816808700561523437500000
0.09041734784841537475585937500000
-0.05170452222228050231933593750000
-0.01275927294045686721801757812500
-0.09073030203580856323242187500000
-0.11046586930751800537109375000000
0.07128283381462097167968750000000
-0.16950242221355438232421875000000
-0.01995682716369628906250000000000
-0.10164156556129455566406250000000
0.01091196853667497634887695312500
0.01241728477180004119873046875000
-0.08994839340448379516601562500000
-0.08530073612928390502929687500000
0.14757129549980163574218750000000
-0.18468290567398071289062500000000
-0.16865241527557373046875000000000
0.01417930889874696731567382812500
0.07661915570497512817382812500000
0.07750196754932403564453125000000
-0.06820437312126159667968750000000
-0.17933183908462524414062500000000
0.21461215615272521972656250000000
-0.10250158607959747314453125000000
0.10066474229097366333007812500000
0.13483290374279022216796875000000
-0.18519043922424316406250000000000
-0.18463034927845001220703125000000
-0.02169679850339889526367187500000
-0.20597428083419799804687500000000
0.03602286055684089660644531250000
-0.05245185643434524536132812500000
-0.22150249779224395751953125000000
-0.02696071378886699676513671875000
-0.15796655416488647460937500000000
-0.19570982456207275390625000000000
-0.07101823389530181884765625000000
-0.00787934754043817520141601562500
0.00552592379972338676452636718750
-0.17860062420368194580078125000000
0.03561216592788696289062500000000
-0.11246208101511001586914062500000
-0.07247593998908996582031250000000
0.00344708911143243312835693359375
-0.23678290843963623046875000000000
-0.19359448552131652832031250000000
-0.09288810938596725463867187500000
0.05320306494832038879394531250000
-0.04930865764617919921875000000000
0.04656913504004478454589843750000
-0.15111969411373138427734375000000
0.14831797778606414794921875000000
0.04131229966878890991210937500000
-0.14974179863929748535156250000000
-0.03905054554343223571777343750000
0.02300666272640228271484375000000
-0.02104473859071731567382812500000
0.10441193729639053344726562500000
-0.12407998740673065185546875000000
0.04075718671083450317382812500000
-0.00218054023571312427520751953125
-0.01450895704329013824462890625000
-0.01182356197386980056762695312500
-0.02562954276800155639648437500000
0.06098712980747222900390625000000
-0.11240576207637786865234375000000
-0.14788332581520080566406250000000
-0.01134456507861614227294921875000
-0.05271164327859878540039062500000
-0.18287116289138793945312500000000
0.14308334887027740478515625000000
0.14918114244937896728515625000000
0.01229112688452005386352539062500
-0.13064156472682952880859375000000
0.07127374410629272460937500000000
0.15386776626110076904296875000000
-0.18790297210216522216796875000000
-0.09804794937372207641601562500000
-0.11044869571924209594726562500000
-0.11978538334369659423828125000000
0.02577899768948554992675781250000
0.01253090985119342803955078125000
-0.03227842599153518676757812500000
0.15194213390350341796875000000000
0.11321697384119033813476562500000
-0.04157048463821411132812500000000
-0.14502242207527160644531250000000
-0.08960521966218948364257812500000
-0.07810586690902709960937500000000
-0.14685529470443725585937500000000
0.06007521599531173706054687500000
-0.03686709702014923095703125000000
-0.08071130514144897460937500000000
0.06181729957461357116699218750000
-0.06318496167659759521484375000000
-0.07980789244174957275390625000000
0.07642425596714019775390625000000
0.14509102702140808105468750000000
-0.17640404403209686279296875000000
-0.02747866138815879821777343750000
0.01209310721606016159057617187500
0.14358359575271606445312500000000
-0.13330060243606567382812500000000
0.21207283437252044677734375000000
-0.10922624915838241577148437500000
-0.03310056030750274658203125000000
-0.10523131489753723144531250000000
0.14086414873600006103515625000000
0.16111531853675842285156250000000
0.06415016949176788330078125000000
-0.02293338626623153686523437500000
-0.11810611933469772338867187500000
0.14878793060779571533203125000000
0.19564825296401977539062500000000
0.03703470900654792785644531250000
0.05540407076478004455566406250000
-0.17476738989353179931640625000000
-0.01959495618939399719238281250000
0.03761978447437286376953125000000
-0.20111301541328430175781250000000
-0.11390350759029388427734375000000
-0.06102268770337104797363281250000
0.08846555650234222412109375000000
0.15545423328876495361328125000000
0.06661361455917358398437500000000
0.05361248552799224853515625000000
0.07078237831592559814453125000000
-0.00837670359760522842407226562500
-0.21340267360210418701171875000000
0.12388031929731369018554687500000
0.20339082181453704833984375000000
0.21071569621562957763671875000000
0.00657817721366882324218750000000
0.00203929399140179157257080078125
0.15390309691429138183593750000000
0.10403570532798767089843750000000
0.09257078170776367187500000000000
0.09946114569902420043945312500000
0.03876759856939315795898437500000
-0.14043885469436645507812500000000
0.15199548006057739257812500000000
0.11238474398851394653320312500000
0.07997965067625045776367187500000
-0.14957803487777709960937500000000
-0.09519503265619277954101562500000
-0.15950883924961090087890625000000
-0.06576695293188095092773437500000
-0.12653015553951263427734375000000
0.04387973248958587646484375000000
0.01072688493877649307250976562500
0.11326073110103607177734375000000
-0.00918170996010303497314453125000
-0.02344880811870098114013671875000
0.06473146378993988037109375000000
-0.20160976052284240722656250000000
-0.12426156550645828247070312500000
0.02550030685961246490478515625000
-0.18890869617462158203125000000000
-0.16348846256732940673828125000000
-0.16840985417366027832031250000000
0.06028971448540687561035156250000
0.12007020413875579833984375000000
0.14433710277080535888671875000000
-0.12535069882869720458984375000000
0.08958596736192703247070312500000
0.02327148243784904479980468750000
0.19342289865016937255859375000000
0.06957912445068359375000000000000
0.01039442233741283416748046875000
-0.05281822383403778076171875000000
-0.08081980049610137939453125000000
-0.16634720563888549804687500000000
-0.11406386643648147583007812500000
-0.06370372325181961059570312500000
0.01559682562947273254394531250000
0.15166348218917846679687500000000
0.05698847398161888122558593750000
-0.07318715006113052368164062500000
0.08891131728887557983398437500000
-0.09489155560731887817382812500000
-0.02712329663336277008056640625000
0.00201136316172778606414794921875
0.04644668474793434143066406250000
0.04853049665689468383789062500000
0.01812330633401870727539062500000
-0.06168952956795692443847656250000
-0.21163830161094665527343750000000
-0.03708162531256675720214843750000
0.24775628745555877685546875000000
-0.02494033798575401306152343750000
-0.13059443235397338867187500000000
-0.00442498363554477691650390625000
-0.17677460610866546630859375000000
-0.03292785584926605224609375000000
0.12021535634994506835937500000000
0.08139105141162872314453125000000
0.19161422550678253173828125000000
0.03097097016870975494384765625000
0.11997389048337936401367187500000
0.15347713232040405273437500000000
0.10090640932321548461914062500000
-0.09706638753414154052734375000000
0.04807758331298828125000000000000
0.01960723474621772766113281250000
0.02831874601542949676513671875000
0.13744036853313446044921875000000
-0.23132713139057159423828125000000
-0.09208355098962783813476562500000
0.00290980353020131587982177734375
0.09367407113313674926757812500000
0.07522264868021011352539062500000
0.03973039612174034118652343750000
0.05276411026716232299804687500000
0.00559990759938955307006835937500
-0.00802395399659872055053710937500
0.00740787945687770843505859375000
-0.20361833274364471435546875000000
-0.08012367784976959228515625000000
0.03846800327301025390625000000000
-0.03798793628811836242675781250000
0.16585011780261993408203125000000
0.17538961768150329589843750000000
0.00916603766381740570068359375000
0.10909364372491836547851562500000
0.07500597834587097167968750000000
0.18763920664787292480468750000000
-0.02458007447421550750732421875000
-0.16541117429733276367187500000000
-0.05043682083487510681152343750000
-0.06301826238632202148437500000000
0.16233898699283599853515625000000
-0.05738139525055885314941406250000
-0.03965399041771888732910156250000
0.02528752014040946960449218750000
-0.00583477318286895751953125000000
-0.12935769557952880859375000000000
0.09644882380962371826171875000000
0.00253395014442503452301025390625
0.13573710620403289794921875000000
0.02111999504268169403076171875000
-0.11728934198617935180664062500000
0.02488287910819053649902343750000
0.16618165373802185058593750000000
-0.12836855649948120117187500000000
0.07271419465541839599609375000000
-0.06851314008235931396484375000000
0.30032950639724731445312500000000
-0.14408394694328308105468750000000
-0.02633295208215713500976562500000
-0.09255214780569076538085937500000
-0.09343133121728897094726562500000
-0.05595896393060684204101562500000
0.02735902182757854461669921875000
-0.03514753282070159912109375000000
0.12605060636997222900390625000000
-0.11542158573865890502929687500000
0.01615080982446670532226562500000
-0.05167616158723831176757812500000
0.07469799369573593139648437500000
0.00612596841529011726379394531250
-0.03061217069625854492187500000000
-0.02218450978398323059082031250000
0.16603201627731323242187500000000
0.12138145416975021362304687500000
0.07917098701000213623046875000000
0.18022391200065612792968750000000
-0.03537448868155479431152343750000
0.07244693487882614135742187500000
0.13126593828201293945312500000000
-0.13385143876075744628906250000000
-0.05346975103020668029785156250000
-0.14681214094161987304687500000000
0.09051638841629028320312500000000
0.12634538114070892333984375000000
0.04810793697834014892578125000000
-0.10921467095613479614257812500000
-0.00910201668739318847656250000000
-0.17353722453117370605468750000000
-0.03596816584467887878417968750000
-0.15048110485076904296875000000000
-0.04431234672665596008300781250000
-0.08959902822971343994140625000000
0.01565221510827541351318359375000
-0.07007448375225067138671875000000
-0.09386615455150604248046875000000
-0.19961291551589965820312500000000
0.02745440416038036346435546875000
0.21291352808475494384765625000000
-0.15812788903713226318359375000000
0.02146593295037746429443359375000
0.02096002176403999328613281250000
0.14425016939640045166015625000000
0.04588186368346214294433593750000
-0.00579071184620261192321777343750
-0.18156734108924865722656250000000
0.17194157838821411132812500000000
-0.08731713145971298217773437500000
-0.08849705010652542114257812500000
-0.12599818408489227294921875000000
0.07646770030260086059570312500000
0.02566753514111042022705078125000
-0.18693126738071441650390625000000
0.00015940089360810816287994384766
-0.07383254915475845336914062500000
-0.08265287429094314575195312500000
0.04976886510848999023437500000000
0.00437751132994890213012695312500
-0.10590860247611999511718750000000
-0.14922633767127990722656250000000
-0.14502796530723571777343750000000
-0.07489416003227233886718750000000
-0.13587418198585510253906250000000
0.07595678418874740600585937500000
0.04537049680948257446289062500000
-0.12251164019107818603515625000000
-0.06165412440896034240722656250000
0.01808134652674198150634765625000
0.14272402226924896240234375000000
-0.15065956115722656250000000000000
0.11615626513957977294921875000000
0.05723668262362480163574218750000
-0.12308626621961593627929687500000
0.14363105595111846923828125000000
0.16121163964271545410156250000000
0.12383267283439636230468750000000
-0.10369846224784851074218750000000
0.05353979021310806274414062500000
0.08788277208805084228515625000000
-0.10403801500797271728515625000000
-0.20864588022232055664062500000000
-0.24169412255287170410156250000000
-0.04973755404353141784667968750000
0.08455224335193634033203125000000
-0.06529713422060012817382812500000
-0.00105107447598129510879516601562
-0.08156844228506088256835937500000
0.18344047665596008300781250000000
-0.20463019609451293945312500000000
0.06578753143548965454101562500000
-0.10479571670293807983398437500000
-0.07433663308620452880859375000000
-0.03524241596460342407226562500000
-0.26053529977798461914062500000000
0.00846336502581834793090820312500
0.19845898449420928955078125000000
-0.00974139012396335601806640625000
0.05831889063119888305664062500000
-0.05617867037653923034667968750000
-0.04895237833261489868164062500000
0.01020224671810865402221679687500
0.05097198858857154846191406250000
-0.24416817724704742431640625000000
0.00872470717877149581909179687500
0.01105011068284511566162109375000
-0.08694456517696380615234375000000
-0.01342481095343828201293945312500
0.00315619935281574726104736328125
-0.07395362854003906250000000000000
-0.17687380313873291015625000000000
-0.04016777873039245605468750000000
0.00369873712770640850067138671875
0.02917617000639438629150390625000
0.13621160387992858886718750000000
-0.17753425240516662597656250000000
-0.01652315631508827209472656250000
-0.12318605929613113403320312500000
-0.22214369475841522216796875000000
0.21017961204051971435546875000000
0.09423924982547760009765625000000
0.02859696559607982635498046875000
-0.14851741492748260498046875000000
-0.08879660815000534057617187500000
-0.13883748650550842285156250000000
-0.02392834983766078948974609375000
-0.18780876696109771728515625000000
-0.21345707774162292480468750000000
0.18205684423446655273437500000000
0.05923504009842872619628906250000
-0.03929606452584266662597656250000
0.08794216811656951904296875000000
0.12997029721736907958984375000000
-0.17603240907192230224609375000000
0.16156752407550811767578125000000
0.08865840733051300048828125000000
-0.23827618360519409179687500000000
0.05047441646456718444824218750000
-0.03318915516138076782226562500000
0.17546299099922180175781250000000
-0.16593831777572631835937500000000
-0.04346087574958801269531250000000
-0.09057115763425827026367187500000
-0.06984781473875045776367187500000
0.18784627318382263183593750000000
0.00612839870154857635498046875000
0.02210841514170169830322265625000
0.00581009779125452041625976562500
0.08103153109550476074218750000000
-0.04703944176435470581054687500000
0.04858609288930892944335937500000
-0.00450786016881465911865234375000
-0.05515982583165168762207031250000
0.05620692297816276550292968750000
0.02595163695514202117919921875000
-0.06922666728496551513671875000000
0.09965010732412338256835937500000
0.09160444140434265136718750000000
0.11549194902181625366210937500000
-0.23561459779739379882812500000000
-0.05548989400267601013183593750000
-0.14721332490444183349609375000000
-0.05311795324087142944335937500000
0.13720822334289550781250000000000
0.14845886826515197753906250000000
-0.13350036740303039550781250000000
-0.03961723297834396362304687500000
-0.05079086869955062866210937500000
-0.06358297914266586303710937500000
-0.03761102631688117980957031250000
0.02797334454953670501708984375000
0.07031319290399551391601562500000
0.02159195207059383392333984375000
-0.03926090151071548461914062500000
0.04503577947616577148437500000000
-0.19583129882812500000000000000000
0.00128171534743160009384155273438
-0.09299217909574508666992187500000
-0.05522694438695907592773437500000
-0.04644249007105827331542968750000
-0.21766881644725799560546875000000
0.08832976222038269042968750000000
-0.11468399316072463989257812500000
0.08062298595905303955078125000000
0.00486115086823701858520507812500
-0.09534171223640441894531250000000
0.15887916088104248046875000000000
-0.12128099054098129272460937500000
0.15487153828144073486328125000000
0.06393463164567947387695312500000
-0.04403081536293029785156250000000
0.00189787731505930423736572265625
-0.15201969444751739501953125000000
-0.03929769992828369140625000000000
-0.02720490284264087677001953125000
-0.03113484196364879608154296875000
-0.17415486276149749755859375000000
0.15688502788543701171875000000000
-0.12081459909677505493164062500000
-0.19168318808078765869140625000000
0.04431043192744255065917968750000
0.00372666213661432266235351562500
-0.11233550310134887695312500000000
-0.07449198514223098754882812500000
0.04610067978501319885253906250000
0.03099653124809265136718750000000
0.07146828621625900268554687500000
0.09062431752681732177734375000000
-0.04783025756478309631347656250000
0.08708978444337844848632812500000
0.00718468101695179939270019531250
-0.05467446520924568176269531250000
0.07117937505245208740234375000000
-0.01856539957225322723388671875000
0.06371558457612991333007812500000
0.07018695026636123657226562500000
-0.14396785199642181396484375000000
-0.08470395952463150024414062500000
0.08731348812580108642578125000000
-0.06714564561843872070312500000000
-0.09191529452800750732421875000000
0.00461401231586933135986328125000
-0.10832570493221282958984375000000
0.19768513739109039306640625000000
-0.17839349806308746337890625000000
0.10234040021896362304687500000000
-0.10491406172513961791992187500000
0.05745756998658180236816406250000
0.08640806376934051513671875000000
0.11270567774772644042968750000000
-0.04451601579785346984863281250000
-0.11172937601804733276367187500000
-0.09940951317548751831054687500000
-0.06150770187377929687500000000000
-0.19391378760337829589843750000000
0.19010601937770843505859375000000
0.04544391110539436340332031250000
-0.05234519764780998229980468750000
0.19100448489189147949218750000000
-0.00779877183958888053894042968750
0.07986395061016082763671875000000
-0.10807969421148300170898437500000
0.07920344173908233642578125000000
-0.21065445244312286376953125000000
-0.00597828393802046775817871093750
0.03536709770560264587402343750000
-0.16060188412666320800781250000000
-0.12949833273887634277343750000000
0.18830567598342895507812500000000
0.14762750267982482910156250000000
-0.17702770233154296875000000000000
-0.14292483031749725341796875000000
-0.05624439567327499389648437500000
0.12021888792514801025390625000000
0.09421040117740631103515625000000
-0.17431479692459106445312500000000
-0.04768439754843711853027343750000
-0.06783614307641983032226562500000
0.07003521919250488281250000000000
0.13849121332168579101562500000000
0.00965598132461309432983398437500
-0.02620816789567470550537109375000
-0.07684690505266189575195312500000
0.08194756507873535156250000000000
0.23241709172725677490234375000000
-0.05872203782200813293457031250000
-0.14012336730957031250000000000000
0.13946801424026489257812500000000
-0.13301919400691986083984375000000
-0.09159861505031585693359375000000
-0.22082667052745819091796875000000
0.06487315148115158081054687500000
-0.10316755622625350952148437500000
0.01910804212093353271484375000000
-0.20336982607841491699218750000000
-0.04216719791293144226074218750000
-0.05725659802556037902832031250000
0.17799125611782073974609375000000
-0.15133443474769592285156250000000
-0.11049301922321319580078125000000
-0.14003539085388183593750000000000
-0.20921200513839721679687500000000
-0.03110272064805030822753906250000
-0.05337303876876831054687500000000
-0.18475656211376190185546875000000
0.01567291095852851867675781250000
0.00655707856640219688415527343750
-0.18769417703151702880859375000000
-0.11794695258140563964843750000000
0.10613155364990234375000000000000
-0.12673573195934295654296875000000
0.08570758998394012451171875000000
-0.23771791160106658935546875000000
0.09649046510457992553710937500000
-0.07099585235118865966796875000000
-0.04866464808583259582519531250000
-0.04068536683917045593261718750000
-0.10360611230134963989257812500000
0.00593310501426458358764648437500
-0.09378015249967575073242187500000
0.04825190454721450805664062500000
-0.02775024808943271636962890625000
0.07438901066780090332031250000000
-0.00318331294693052768707275390625
-0.14672563970088958740234375000000
0.14161278307437896728515625000000
-0.03617002069950103759765625000000
0.07534348964691162109375000000000
-0.05672366172075271606445312500000
0.10173934698104858398437500000000
0.13141044974327087402343750000000
0.13265892863273620605468750000000
-0.07980652898550033569335937500000
-0.14407201111316680908203125000000
-0.04608785361051559448242187500000
0.05698247253894805908203125000000
-0.17092600464820861816406250000000
-0.07696335017681121826171875000000
-0.23322208225727081298828125000000
-0.23748479783535003662109375000000
0.16501545906066894531250000000000
-0.09968722611665725708007812500000
0.02756906114518642425537109375000
0.12131789326667785644531250000000
-0.19185344874858856201171875000000
-0.09381830692291259765625000000000
-0.15935637056827545166015625000000
-0.14682689309120178222656250000000
-0.01016090530902147293090820312500
0.06602868437767028808593750000000
-0.03471743315458297729492187500000
-0.15370802581310272216796875000000
-0.06575202941894531250000000000000
0.08072555810213088989257812500000
0.02495798282325267791748046875000
0.15917290747165679931640625000000
0.07347611337900161743164062500000
0.15416209399700164794921875000000
0.00576889514923095703125000000000
0.01876429654657840728759765625000
0.09498781710863113403320312500000
-0.01345493365079164505004882812500
0.14093430340290069580078125000000
-0.09523628652095794677734375000000
0.05582150071859359741210937500000
0.14656196534633636474609375000000
0.15375873446464538574218750000000
-0.09967242181301116943359375000000
0.13736765086650848388671875000000
-0.11491693556308746337890625000000
-0.14340615272521972656250000000000
0.09035472571849822998046875000000
0.07920998334884643554687500000000
0.01336647477000951766967773437500
0.00655728345736861228942871093750
-0.15147507190704345703125000000000
-0.16910593211650848388671875000000
0.08938443660736083984375000000000
-0.01614179834723472595214843750000
-0.13035857677459716796875000000000
0.16945378482341766357421875000000
0.16710035502910614013671875000000
0.02525453642010688781738281250000
0.07063531130552291870117187500000
-0.17846915125846862792968750000000
0.12739039957523345947265625000000
-0.01679804921150207519531250000000
-0.20985013246536254882812500000000
0.12883235514163970947265625000000
-0.13519430160522460937500000000000
-0.22241070866584777832031250000000
0.01321334671229124069213867187500
-0.02831622399389743804931640625000
-0.00246263551525771617889404296875
0.07070348411798477172851562500000
0.17542816698551177978515625000000
0.17387683689594268798828125000000
-0.08391668647527694702148437500000
-0.13223579525947570800781250000000
-0.06806541234254837036132812500000
0.05779317393898963928222656250000
0.09752667695283889770507812500000
-0.14189325273036956787109375000000
0.11228652298450469970703125000000
0.07186377793550491333007812500000
0.06518837809562683105468750000000
-0.13819034397602081298828125000000
-0.19973844289779663085937500000000
0.10927019268274307250976562500000
-0.15790940821170806884765625000000
-0.08989053219556808471679687500000
-0.20270928740501403808593750000000
0.06733263283967971801757812500000
-0.01806517504155635833740234375000
0.09837941825389862060546875000000
-0.13312411308288574218750000000000
0.16338753700256347656250000000000
0.09002063423395156860351562500000
-0.10769845545291900634765625000000
0.13839998841285705566406250000000
0.02401514910161495208740234375000
0.00283827632665634155273437500000
-0.11566524952650070190429687500000
0.18601997196674346923828125000000
0.02271464094519615173339843750000
-0.07334727793931961059570312500000
0.07971157878637313842773437500000
0.09279187023639678955078125000000
0.16329172253608703613281250000000
-0.03320078551769256591796875000000
-0.01727659255266189575195312500000
-0.12078262865543365478515625000000
-0.10725697129964828491210937500000
-0.06159407272934913635253906250000
-0.07754880934953689575195312500000
0.16633331775665283203125000000000
-0.20297393202781677246093750000000
0.00624298024922609329223632812500
0.14794065058231353759765625000000
-0.18308019638061523437500000000000
-0.00801996514201164245605468750000
-0.00566935725510120391845703125000
0.08902997523546218872070312500000
0.13756676018238067626953125000000
-0.00004813579289475455880165100098
0.00239132391288876533508300781250
-0.16615180671215057373046875000000
0.08531272411346435546875000000000
-0.11108489334583282470703125000000
-0.18172943592071533203125000000000
0.11585386842489242553710937500000
-0.07786244899034500122070312500000
-0.17481352388858795166015625000000
0.10123546421527862548828125000000
0.08921752125024795532226562500000
-0.06143179163336753845214843750000
-0.15677858889102935791015625000000
0.00220683682709932327270507812500
0.11502494663000106811523437500000
0.22246399521827697753906250000000
-0.07897739857435226440429687500000
0.05161548033356666564941406250000
-0.10894484072923660278320312500000
-0.16937629878520965576171875000000
0.05923315510153770446777343750000
0.01049881521612405776977539062500
0.14816926419734954833984375000000
0.01512360479682683944702148437500
0.08929979056119918823242187500000
-0.08566422760486602783203125000000
-0.05976987257599830627441406250000
0.08982539921998977661132812500000
0.07767368108034133911132812500000
-0.09234886616468429565429687500000
0.10652226209640502929687500000000
-0.10388360917568206787109375000000
-0.09707593172788619995117187500000
-0.21183268725872039794921875000000
0.05149408429861068725585937500000
-0.14021182060241699218750000000000
-0.25307953357696533203125000000000
-0.10944853723049163818359375000000
-0.06274817138910293579101562500000
-0.15664282441139221191406250000000
-0.10931106656789779663085937500000
0.11400139331817626953125000000000
0.00670774420723319053649902343750
0.07612285017967224121093750000000
-0.09507375210523605346679687500000
-0.17066697776317596435546875000000
-0.08189179003238677978515625000000
0.06621717661619186401367187500000
-0.16825403273105621337890625000000
-0.16071461141109466552734375000000
-0.08335272967815399169921875000000
-0.13895826041698455810546875000000
0.11405648291110992431640625000000
-0.19200867414474487304687500000000
-0.17034392058849334716796875000000
-0.12340845167636871337890625000000
0.04847274348139762878417968750000
-0.01673602126538753509521484375000
-0.01279076468199491500854492187500
0.00204522837884724140167236328125
-0.23553207516670227050781250000000
-0.12233664840459823608398437500000
-0.04371245205402374267578125000000
0.10672490298748016357421875000000
-0.19917465746402740478515625000000
-0.00231588678434491157531738281250
-0.09353131055831909179687500000000
0.06728778034448623657226562500000
0.18747949600219726562500000000000
-0.04934782162308692932128906250000
0.07679315656423568725585937500000
-0.06463075429201126098632812500000
-0.00801206659525632858276367187500
-0.20974221825599670410156250000000
0.00669336738064885139465332031250
-0.18116495013236999511718750000000
0.04837526753544807434082031250000
0.10628848522901535034179687500000
-0.14732572436332702636718750000000
0.19833153486251831054687500000000
-0.02279906533658504486083984375000
-0.20771022140979766845703125000000
-0.11163724213838577270507812500000
-0.17040991783142089843750000000000
-0.10382193326950073242187500000000
0.18254491686820983886718750000000
0.14378041028976440429687500000000
-0.02321814000606536865234375000000
0.06783770024776458740234375000000
0.03873080760240554809570312500000
-0.14796379208564758300781250000000
-0.13406528532505035400390625000000
-0.17199820280075073242187500000000
0.13267587125301361083984375000000
-0.00369856157340109348297119140625
0.12124527245759963989257812500000
-0.04111197218298912048339843750000
-0.08130093663930892944335937500000
-0.07044060528278350830078125000000
0.06107151508331298828125000000000
0.04053192958235740661621093750000
-0.18706725537776947021484375000000
-0.07419928163290023803710937500000
0.05424042418599128723144531250000
0.14830161631107330322265625000000
0.04998923838138580322265625000000
-0.01522105373442173004150390625000
0.04972103610634803771972656250000
0.09155695140361785888671875000000
-0.06202590093016624450683593750000
-0.10921670496463775634765625000000
-0.05088790133595466613769531250000
0.11009552329778671264648437500000
0.15639767050743103027343750000000
-0.00399437965825200080871582031250
0.11947796493768692016601562500000
0.13494864106178283691406250000000
0.01087192259728908538818359375000
0.15774220228195190429687500000000
-0.14177088439464569091796875000000
-0.03155558928847312927246093750000
0.06313743442296981811523437500000
0.02732375636696815490722656250000
-0.12231022119522094726562500000000
-0.21695695817470550537109375000000
-0.15945215523242950439453125000000
-0.03267402574419975280761718750000
-0.20363469421863555908203125000000
0.18248441815376281738281250000000
0.06933443248271942138671875000000
0.01952253840863704681396484375000
-0.08943304419517517089843750000000
-0.24027828872203826904296875000000
-0.16086605191230773925781250000000
-0.00142656220123171806335449218750
0.04424761235713958740234375000000
0.12591609358787536621093750000000
-0.15021933615207672119140625000000
-0.20109857618808746337890625000000
0.11770592629909515380859375000000
0.09633953124284744262695312500000
-0.02337289042770862579345703125000
0.07845960557460784912109375000000
0.13054175674915313720703125000000
-0.12082329392433166503906250000000
0.08015687018632888793945312500000
-0.02208417467772960662841796875000
0.19114142656326293945312500000000
0.04490435868501663208007812500000
0.07229111343622207641601562500000
0.01490726601332426071166992187500
0.09079482406377792358398437500000
-0.18504033982753753662109375000000
0.08905707299709320068359375000000
-0.24949029088020324707031250000000
-0.07127045094966888427734375000000
-0.02708256430923938751220703125000
-0.01073361095041036605834960937500
0.16351763904094696044921875000000
-0.12545049190521240234375000000000
0.06949171423912048339843750000000
0.15744616091251373291015625000000
-0.10769566893577575683593750000000
-0.16369572281837463378906250000000
-0.15601228177547454833984375000000
0.19309014081954956054687500000000
-0.11416087299585342407226562500000
-0.21583648025989532470703125000000
0.05608631297945976257324218750000
-0.04371012374758720397949218750000
-0.13455958664417266845703125000000
-0.13334244489669799804687500000000
0.01249325927346944808959960937500
0.04103400930762290954589843750000
0.08782094717025756835937500000000
0.08026371151208877563476562500000
0.10591910779476165771484375000000
0.16244697570800781250000000000000
0.20168983936309814453125000000000
0.19997133314609527587890625000000
-0.02879640460014343261718750000000
-0.15537205338478088378906250000000
-0.14847218990325927734375000000000
-0.08772522211074829101562500000000
0.06336695700883865356445312500000
0.07448566704988479614257812500000
0.04496582224965095520019531250000
-0.15895189344882965087890625000000
0.02706031873822212219238281250000
0.13106185197830200195312500000000
0.16315861046314239501953125000000
-0.04867862164974212646484375000000
0.07704913616180419921875000000000
-0.10359887033700942993164062500000
0.17781120538711547851562500000000
0.12203281372785568237304687500000
0.04561468213796615600585937500000
0.10691449791193008422851562500000
0.16610911488533020019531250000000
0.14998903870582580566406250000000
0.07862584292888641357421875000000
0.01453785412013530731201171875000
-0.26385864615440368652343750000000
0.03058109991252422332763671875000
0.13934762775897979736328125000000
0.02805447392165660858154296875000
0.06502038240432739257812500000000
-0.05016825720667839050292968750000
-0.02523077465593814849853515625000
-0.03015377745032310485839843750000
0.10002879053354263305664062500000
-0.11322734504938125610351562500000
-0.10263243317604064941406250000000
-0.01655469648540019989013671875000
0.01633105613291263580322265625000
-0.06485329568386077880859375000000
0.12655115127563476562500000000000
0.09070900827646255493164062500000
0.05238481238484382629394531250000
-0.06256689131259918212890625000000
-0.03035325743257999420166015625000
0.21845655143260955810546875000000
0.10462887585163116455078125000000
0.08438780903816223144531250000000
-0.05981969833374023437500000000000
-0.10942918062210083007812500000000
0.07213024795055389404296875000000
0.10180947184562683105468750000000
0.10358276963233947753906250000000
0.13608762621879577636718750000000
-0.10786792635917663574218750000000
-0.02833185717463493347167968750000
-0.15347318351268768310546875000000
0.10556947439908981323242187500000
-0.06662540137767791748046875000000
0.06848101317882537841796875000000
-0.09236301481723785400390625000000
0.07786978781223297119140625000000
-0.12137599289417266845703125000000
-0.08929672092199325561523437500000
0.06380298733711242675781250000000
-0.20129251480102539062500000000000
0.14587940275669097900390625000000
0.10147114843130111694335937500000
-0.22545821964740753173828125000000
-0.15110044181346893310546875000000
-0.22351990640163421630859375000000
-0.05011546984314918518066406250000
-0.03560458496212959289550781250000
-0.01700327917933464050292968750000
0.09307034313678741455078125000000
-0.25724938511848449707031250000000
0.06999012082815170288085937500000
-0.00572788994759321212768554687500
-0.01661663316190242767333984375000
-0.13800710439682006835937500000000
-0.20507401227951049804687500000000
-0.25252541899681091308593750000000
-0.08619688451290130615234375000000
-0.12304243445396423339843750000000
0.05975645035505294799804687500000
-0.03637916222214698791503906250000
0.06562578678131103515625000000000
0.03331124037504196166992187500000
-0.01915877498686313629150390625000
-0.09244159609079360961914062500000
-0.09208254516124725341796875000000
0.01685248501598834991455078125000
-0.11354421079158782958984375000000
0.15332441031932830810546875000000
0.13240340352058410644531250000000
-0.07530763745307922363281250000000
0.11008201539516448974609375000000
0.10034070909023284912109375000000
-0.11668904125690460205078125000000
0.19097645580768585205078125000000
-0.06974376738071441650390625000000
0.11228332668542861938476562500000
-0.13249370455741882324218750000000
-0.03761199489235877990722656250000
0.01306017860770225524902343750000
0.01983934454619884490966796875000
-0.24817503988742828369140625000000
0.13026852905750274658203125000000
